60,557,299.3,142.4,66.4,59.1,0.7200000286102295,-1,-1,-1
150,557,252.1,91.9,95.4,87.2,0.8600000143051147,-1,-1,-1
165,557,235.3,74.2,89.6,84.7,0.8899999856948853,-1,-1,-1
180,557,228.9,58.7,80.8,79.4,0.8999999761581421,-1,-1,-1
195,557,227.6,47.1,70.6,72.0,0.8799999952316284,-1,-1,-1
210,557,231.0,38.3,60.1,63.6,0.8500000238418579,-1,-1,-1
225,557,241.0,33.4,51.0,56.0,0.8199999928474426,-1,-1,-1
240,557,248.3,30.0,43.0,49.3,0.8500000238418579,-1,-1,-1
255,557,252.8,26.2,39.4,47.0,0.8299999833106995,-1,-1,-1
270,557,256.9,23.7,32.7,40.1,0.7699999809265137,-1,-1,-1
285,557,256.2,21.2,30.0,38.3,0.6499999761581421,-1,-1,-1
975,569,230.1,23.4,22.1,38.6,0.7200000286102295,-1,-1,-1
990,569,225.8,26.1,22.3,39.0,0.7300000190734863,-1,-1,-1
1005,569,224.2,27.9,23.6,41.4,0.3199999928474426,-1,-1,-1
1020,569,218.6,29.2,24.5,43.0,0.7900000214576721,-1,-1,-1
1035,569,211.0,32.6,26.0,46.0,0.3700000047683716,-1,-1,-1
1035,570,241.8,12.9,9.5,21.5,0.7300000190734863,-1,-1,-1
1050,569,197.0,37.5,26.0,45.7,0.6299999952316284,-1,-1,-1
1050,570,243.3,13.6,10.1,22.8,0.7400000095367432,-1,-1,-1
1065,569,181.2,41.8,27.9,48.6,0.8500000238418579,-1,-1,-1
1065,570,245.6,14.9,10.8,24.3,0.7599999904632568,-1,-1,-1
1080,569,164.3,47.7,27.3,47.3,0.8199999928474426,-1,-1,-1
1080,570,246.6,16.2,12.8,28.7,0.8100000023841858,-1,-1,-1
1095,570,247.0,18.1,14.0,31.3,0.6200000047683716,-1,-1,-1
1110,570,247.5,21.8,15.5,34.7,0.28999999165534973,-1,-1,-1
1110,569,133.6,62.7,28.9,49.1,0.699999988079071,-1,-1,-1
1125,570,249.0,25.2,18.9,42.2,0.8100000023841858,-1,-1,-1
1125,569,122.1,72.0,29.0,48.0,0.8199999928474426,-1,-1,-1
1140,570,250.2,30.2,21.6,48.2,0.8299999833106995,-1,-1,-1
1140,569,112.4,82.7,28.8,45.4,0.8299999833106995,-1,-1,-1
1155,570,247.0,38.2,25.1,55.5,0.8500000238418579,-1,-1,-1
1155,569,100.8,90.3,36.1,55.5,0.6299999952316284,-1,-1,-1
1170,570,237.1,49.5,31.1,68.4,0.8899999856948853,-1,-1,-1
1170,569,86.5,106.1,37.4,55.2,0.6899999976158142,-1,-1,-1
1185,569,75.9,124.5,36.6,50.7,0.6399999856948853,-1,-1,-1
2325,574,232.1,12.8,12.2,27.0,0.7799999713897705,-1,-1,-1
2340,574,228.9,14.7,12.0,26.6,0.7400000095367432,-1,-1,-1
2520,585,258.0,75.5,51.5,80.6,0.8600000143051147,-1,-1,-1
2535,585,254.9,78.3,49.7,78.1,0.8199999928474426,-1,-1,-1
2535,587,191.7,95.8,64.6,77.2,0.7699999809265137,-1,-1,-1
2535,588,208.6,57.2,38.0,80.8,0.7400000095367432,-1,-1,-1
2550,585,245.5,72.4,52.9,84.3,0.8600000143051147,-1,-1,-1
2550,587,188.5,94.8,61.6,73.7,0.7699999809265137,-1,-1,-1
2550,588,206.1,56.5,36.2,76.8,0.7900000214576721,-1,-1,-1
2565,585,238.2,67.6,52.3,84.5,0.8199999928474426,-1,-1,-1
2565,587,179.3,62.3,79.5,96.3,0.4099999964237213,-1,-1,-1
2580,585,230.5,63.6,49.5,81.4,0.800000011920929,-1,-1,-1
2580,588,208.1,68.5,36.6,77.4,0.7599999904632568,-1,-1,-1
2595,585,220.5,55.2,45.1,74.9,0.6299999952316284,-1,-1,-1
2610,585,210.1,47.5,40.6,68.2,0.8199999928474426,-1,-1,-1
2610,587,160.1,56.6,56.9,70.4,0.8100000023841858,-1,-1,-1
2625,585,203.7,40.0,35.2,59.8,0.41999998688697815,-1,-1,-1
4335,595,131.9,91.4,47.2,68.2,0.8500000238418579,-1,-1,-1
4335,596,180.1,57.8,32.6,64.6,0.7900000214576721,-1,-1,-1
4350,595,130.1,100.0,50.2,72.7,0.7599999904632568,-1,-1,-1
4350,596,178.6,82.0,38.9,76.8,0.8199999928474426,-1,-1,-1
4365,595,130.4,103.3,52.4,74.4,0.3199999928474426,-1,-1,-1
4380,595,129.1,103.4,44.8,63.1,0.6399999856948853,-1,-1,-1
4380,596,184.1,82.9,41.8,81.4,0.800000011920929,-1,-1,-1
4395,595,140.9,94.1,56.3,79.7,0.6499999761581421,-1,-1,-1
4395,600,86.6,154.2,64.1,58.2,0.8500000238418579,-1,-1,-1
4395,596,183.3,84.8,40.4,76.4,0.699999988079071,-1,-1,-1
4410,595,138.5,98.9,56.0,77.9,0.6600000262260437,-1,-1,-1
4410,600,87.8,155.9,66.5,60.3,0.6700000166893005,-1,-1,-1
4410,596,173.3,82.7,43.2,77.9,0.7599999904632568,-1,-1,-1
4425,595,136.0,101.2,56.3,76.6,0.6600000262260437,-1,-1,-1
4425,600,102.7,157.2,69.1,62.8,0.7599999904632568,-1,-1,-1
4425,596,179.9,77.8,45.9,82.7,0.8799999952316284,-1,-1,-1
4440,595,129.8,101.1,50.9,69.8,0.7900000214576721,-1,-1,-1
4440,600,140.6,163.3,73.9,67.5,0.7200000286102295,-1,-1,-1
4440,596,184.1,73.9,48.0,87.0,0.800000011920929,-1,-1,-1
4455,595,127.1,108.0,50.1,68.1,0.8999999761581421,-1,-1,-1
4455,600,177.8,166.3,77.1,71.4,0.6800000071525574,-1,-1,-1
4455,596,183.3,88.4,44.4,80.2,0.8100000023841858,-1,-1,-1
4470,595,127.1,109.4,50.6,68.6,0.8799999952316284,-1,-1,-1
4470,600,194.0,169.4,77.8,72.7,0.30000001192092896,-1,-1,-1
4470,596,182.4,79.2,46.0,82.9,0.8199999928474426,-1,-1,-1
4485,595,134.5,100.8,51.2,68.5,0.9100000262260437,-1,-1,-1
4485,600,224.5,155.0,79.2,74.6,0.8399999737739563,-1,-1,-1
4485,596,191.7,68.5,45.4,81.8,0.8700000047683716,-1,-1,-1
4485,605,212.0,50.9,32.8,73.0,0.7699999809265137,-1,-1,-1
4500,595,141.4,90.4,52.6,71.2,0.8799999952316284,-1,-1,-1
4500,600,271.6,145.2,73.7,69.4,0.8199999928474426,-1,-1,-1
4500,596,202.1,59.6,43.5,77.5,0.8899999856948853,-1,-1,-1
4500,605,218.1,44.3,31.8,70.7,0.75,-1,-1,-1
4500,606,168.8,60.8,39.0,62.6,0.8399999737739563,-1,-1,-1
4515,595,148.1,75.7,49.8,68.6,0.8899999856948853,-1,-1,-1
4515,596,205.7,49.9,38.7,68.9,0.8700000047683716,-1,-1,-1
4515,605,224.5,35.6,28.2,62.8,0.7699999809265137,-1,-1,-1
4515,606,173.4,51.7,34.2,54.9,0.800000011920929,-1,-1,-1
4530,595,158.8,61.7,44.0,61.1,0.8600000143051147,-1,-1,-1
4530,596,205.7,41.5,33.9,60.7,0.8500000238418579,-1,-1,-1
4530,605,229.6,33.1,23.2,50.9,0.8100000023841858,-1,-1,-1
4530,606,175.0,46.3,32.0,51.3,0.7799999713897705,-1,-1,-1
4545,595,167.5,53.8,40.2,57.5,0.8399999737739563,-1,-1,-1
4545,596,208.6,34.1,30.1,54.5,0.8299999833106995,-1,-1,-1
4545,605,232.2,27.5,23.7,52.4,0.8500000238418579,-1,-1,-1
4545,606,186.5,40.7,29.8,48.1,0.6700000166893005,-1,-1,-1
4560,596,211.7,28.8,26.5,48.6,0.7099999785423279,-1,-1,-1
4560,605,234.5,26.0,22.3,49.1,0.8100000023841858,-1,-1,-1
4560,606,196.0,40.4,32.3,52.4,0.8399999737739563,-1,-1,-1
4575,596,213.3,25.9,24.7,46.3,0.7099999785423279,-1,-1,-1
4575,605,237.9,23.8,21.1,46.6,0.7699999809265137,-1,-1,-1
4575,606,214.1,34.5,29.9,49.0,0.8500000238418579,-1,-1,-1
4575,595,180.7,41.1,32.6,46.6,0.8700000047683716,-1,-1,-1
4590,596,218.5,23.1,23.6,45.3,0.7200000286102295,-1,-1,-1
4590,605,243.0,20.7,19.7,43.6,0.7799999713897705,-1,-1,-1
4590,606,227.6,28.7,26.4,43.8,0.7900000214576721,-1,-1,-1
4590,595,183.2,38.3,28.8,42.2,0.33000001311302185,-1,-1,-1
4605,596,228.0,20.5,21.1,41.0,0.6499999761581421,-1,-1,-1
4605,605,247.4,19.4,16.8,37.7,0.47999998927116394,-1,-1,-1
4605,606,234.4,23.6,23.8,40.2,0.7200000286102295,-1,-1,-1
4605,595,194.8,31.3,26.7,39.3,0.8299999833106995,-1,-1,-1
4620,596,234.2,17.8,19.6,38.2,0.3799999952316284,-1,-1,-1
4620,605,251.8,18.2,16.7,37.6,0.1899999976158142,-1,-1,-1
4620,595,206.1,25.4,25.5,37.7,0.75,-1,-1,-1
4635,596,239.7,17.3,17.5,34.6,0.5299999713897705,-1,-1,-1
4635,605,254.2,18.1,17.5,39.7,0.49000000953674316,-1,-1,-1
4635,595,216.9,21.4,22.2,33.6,0.36000001430511475,-1,-1,-1
4650,596,243.5,16.9,16.0,32.2,0.6399999856948853,-1,-1,-1
4650,595,222.7,19.3,18.5,28.7,0.6499999761581421,-1,-1,-1
4680,596,244.8,17.2,14.5,30.1,0.6299999952316284,-1,-1,-1
4680,595,228.7,17.3,18.5,30.0,0.7300000190734863,-1,-1,-1
4725,605,269.3,16.3,15.0,34.4,0.6100000143051147,-1,-1,-1
4725,596,247.8,15.9,18.0,37.5,0.7900000214576721,-1,-1,-1
4800,619,274.0,51.7,34.8,61.8,0.8100000023841858,-1,-1,-1
4815,619,261.9,64.0,44.2,78.5,0.8199999928474426,-1,-1,-1
4815,621,224.9,55.4,33.0,66.3,0.8500000238418579,-1,-1,-1
4830,619,243.7,68.6,50.3,89.8,0.8199999928474426,-1,-1,-1
4830,621,209.7,66.9,41.1,82.3,0.8399999737739563,-1,-1,-1
4845,621,208.2,92.9,43.5,86.3,0.8500000238418579,-1,-1,-1
4845,623,133.6,180.0,69.0,68.7,0.8899999856948853,-1,-1,-1
4860,623,122.2,168.4,75.1,74.6,0.5400000214576721,-1,-1,-1
4905,619,246.6,136.5,45.3,78.2,0.6700000166893005,-1,-1,-1
4920,623,83.2,143.3,68.3,68.0,0.8299999833106995,-1,-1,-1
4935,623,94.4,128.0,66.8,66.2,0.8700000047683716,-1,-1,-1
4950,623,108.4,107.0,69.4,69.9,0.8799999952316284,-1,-1,-1
4965,623,132.6,91.3,66.9,68.6,0.8799999952316284,-1,-1,-1
5100,623,192.8,25.6,37.3,41.2,0.7799999713897705,-1,-1,-1
5130,641,248.0,84.8,47.5,85.4,0.9100000262260437,-1,-1,-1
5145,641,244.2,68.3,46.3,83.6,0.9100000262260437,-1,-1,-1
5160,641,242.8,53.8,41.0,74.3,0.8899999856948853,-1,-1,-1
5175,641,247.1,44.6,36.8,67.2,0.8299999833106995,-1,-1,-1
5190,641,261.1,44.7,35.3,64.2,0.8600000143051147,-1,-1,-1
5205,641,262.1,45.5,35.2,64.3,0.8700000047683716,-1,-1,-1
5220,641,255.5,42.4,33.7,62.4,0.8600000143051147,-1,-1,-1
5235,641,253.5,38.2,31.3,58.3,0.8399999737739563,-1,-1,-1
5505,649,114.8,80.2,39.3,54.2,0.7599999904632568,-1,-1,-1
5715,651,228.2,14.6,10.6,26.5,0.6899999976158142,-1,-1,-1
5715,652,239.7,13.5,11.1,25.7,0.699999988079071,-1,-1,-1
5730,651,226.6,16.3,10.2,25.4,0.6600000262260437,-1,-1,-1
5730,652,239.7,15.3,11.0,25.6,0.7300000190734863,-1,-1,-1
5805,654,213.1,39.7,25.8,57.1,0.8600000143051147,-1,-1,-1
5820,654,196.9,56.9,31.5,69.1,0.8500000238418579,-1,-1,-1
6345,658,82.7,133.8,74.1,65.6,0.8199999928474426,-1,-1,-1
6360,658,93.9,116.0,78.1,69.3,0.6800000071525574,-1,-1,-1
6375,658,104.3,98.1,79.2,71.0,0.8700000047683716,-1,-1,-1
6390,658,121.5,81.2,78.5,71.1,0.8700000047683716,-1,-1,-1
6405,658,133.0,70.1,76.3,70.2,0.8399999737739563,-1,-1,-1
6420,658,146.9,60.5,72.2,67.3,0.8899999856948853,-1,-1,-1
6435,658,156.3,53.8,66.4,63.9,0.8100000023841858,-1,-1,-1
6450,658,165.9,46.3,63.9,62.7,0.8700000047683716,-1,-1,-1
6465,658,175.5,42.9,58.1,59.2,0.6600000262260437,-1,-1,-1
6480,658,182.5,38.3,55.4,58.3,0.7799999713897705,-1,-1,-1
6495,658,194.8,35.7,51.0,55.8,0.8600000143051147,-1,-1,-1
6510,658,205.1,33.1,48.5,55.0,0.6800000071525574,-1,-1,-1
6525,658,218.3,32.9,43.4,50.6,0.6499999761581421,-1,-1,-1
6540,658,229.3,30.3,42.3,50.7,0.15000000596046448,-1,-1,-1
6555,658,240.2,27.9,40.6,49.7,0.4399999976158142,-1,-1,-1
7080,659,248.5,27.5,21.4,42.7,0.75,-1,-1,-1
7095,659,247.0,29.1,22.2,44.2,0.6399999856948853,-1,-1,-1
7110,659,240.0,30.2,23.8,47.4,0.6700000166893005,-1,-1,-1
7125,659,236.8,31.6,24.6,49.0,0.7799999713897705,-1,-1,-1
7140,659,227.1,32.8,25.9,51.5,0.8500000238418579,-1,-1,-1
7155,659,224.4,35.4,26.4,52.8,0.6100000143051147,-1,-1,-1
7170,659,217.3,38.7,27.2,53.7,0.7900000214576721,-1,-1,-1
7185,659,212.3,41.4,29.3,58.0,0.8199999928474426,-1,-1,-1
7200,659,208.3,44.1,32.0,63.1,0.8600000143051147,-1,-1,-1
7215,659,210.1,48.7,33.3,65.4,0.8799999952316284,-1,-1,-1
7230,659,210.1,54.7,35.5,69.7,0.8799999952316284,-1,-1,-1
7245,659,207.1,62.1,37.6,74.2,0.8299999833106995,-1,-1,-1
7260,659,203.8,70.5,38.2,74.9,0.8999999761581421,-1,-1,-1
7275,659,195.3,80.9,39.2,76.3,0.8600000143051147,-1,-1,-1
7290,659,190.3,93.5,41.0,79.2,0.8500000238418579,-1,-1,-1
7305,659,177.9,108.3,43.2,81.4,0.8899999856948853,-1,-1,-1
7320,659,174.9,125.0,42.2,77.7,0.7799999713897705,-1,-1,-1
