375,1515,184.8,160.5,42.9,58.7,0.7799999713897705,-1,-1,-1
390,1515,183.6,159.1,43.0,58.9,0.7300000190734863,-1,-1,-1
405,1515,182.9,158.8,44.3,60.8,0.6600000262260437,-1,-1,-1
420,1515,182.9,158.3,45.1,62.2,0.7699999809265137,-1,-1,-1
420,1516,294.2,162.1,51.3,56.6,0.699999988079071,-1,-1,-1
435,1515,186.1,160.4,42.0,57.7,0.800000011920929,-1,-1,-1
435,1516,298.8,170.7,41.2,45.2,0.6399999856948853,-1,-1,-1
450,1515,187.1,160.1,42.9,58.8,0.7599999904632568,-1,-1,-1
450,1516,294.4,162.9,49.7,54.6,0.7099999785423279,-1,-1,-1
465,1515,186.5,160.1,42.3,58.0,0.75,-1,-1,-1
465,1516,294.9,162.7,49.7,54.5,0.6899999976158142,-1,-1,-1
480,1515,187.4,162.0,40.3,55.0,0.4399999976158142,-1,-1,-1
480,1516,297.1,166.9,45.7,49.7,0.6299999952316284,-1,-1,-1
495,1515,184.6,157.8,43.2,59.7,0.7200000286102295,-1,-1,-1
495,1516,294.6,155.5,56.0,61.1,0.8299999833106995,-1,-1,-1
510,1515,180.2,158.1,44.5,61.8,0.7200000286102295,-1,-1,-1
510,1516,294.9,153.1,57.9,63.0,0.8100000023841858,-1,-1,-1
525,1515,177.7,156.0,43.9,60.1,0.7799999713897705,-1,-1,-1
525,1516,295.5,159.1,53.1,57.5,0.7900000214576721,-1,-1,-1
540,1515,175.7,156.9,45.2,61.3,0.6600000262260437,-1,-1,-1
540,1516,291.3,163.5,55.1,60.0,0.5400000214576721,-1,-1,-1
555,1515,178.8,160.7,42.3,55.9,0.4099999964237213,-1,-1,-1
555,1516,293.3,165.3,50.4,54.8,0.5899999737739563,-1,-1,-1
570,1515,182.7,162.5,40.2,51.6,0.5699999928474426,-1,-1,-1
570,1516,295.7,169.5,45.0,48.7,0.4300000071525574,-1,-1,-1
585,1515,180.9,163.1,43.4,55.3,0.7200000286102295,-1,-1,-1
585,1516,295.6,160.2,52.7,56.9,0.75,-1,-1,-1
600,1515,179.1,160.1,47.6,59.9,0.7200000286102295,-1,-1,-1
600,1516,297.0,154.5,55.4,59.6,0.7900000214576721,-1,-1,-1
615,1515,180.7,157.9,46.8,58.0,0.7900000214576721,-1,-1,-1
615,1516,295.6,157.7,54.0,58.0,0.8100000023841858,-1,-1,-1
630,1515,180.4,161.0,45.1,55.2,0.6800000071525574,-1,-1,-1
630,1516,294.2,161.0,52.6,56.6,0.6399999856948853,-1,-1,-1
645,1515,180.1,163.0,48.0,58.9,0.7900000214576721,-1,-1,-1
645,1516,294.3,160.7,52.8,56.9,0.8199999928474426,-1,-1,-1
660,1515,181.3,163.0,45.3,53.5,0.7300000190734863,-1,-1,-1
660,1516,294.7,156.4,57.7,61.9,0.800000011920929,-1,-1,-1
675,1515,179.7,160.5,47.7,55.5,0.699999988079071,-1,-1,-1
675,1516,294.8,158.5,55.3,59.1,0.7900000214576721,-1,-1,-1
690,1515,176.9,158.8,50.5,58.4,0.49000000953674316,-1,-1,-1
690,1516,294.3,161.7,52.6,56.4,0.5400000214576721,-1,-1,-1
705,1515,176.0,159.2,50.3,58.1,0.6899999976158142,-1,-1,-1
705,1516,294.4,157.8,55.6,59.6,0.8100000023841858,-1,-1,-1
720,1515,179.0,159.2,47.9,55.0,0.4099999964237213,-1,-1,-1
720,1516,294.8,152.9,58.2,62.5,0.7300000190734863,-1,-1,-1
735,1515,177.0,161.2,52.5,60.7,0.7799999713897705,-1,-1,-1
735,1516,294.2,162.6,52.1,55.4,0.7300000190734863,-1,-1,-1
750,1515,179.4,162.1,49.4,56.6,0.7300000190734863,-1,-1,-1
750,1516,279.5,165.8,50.9,53.9,0.699999988079071,-1,-1,-1
765,1515,175.9,162.9,55.7,64.6,0.7699999809265137,-1,-1,-1
765,1516,266.2,176.9,51.5,55.3,0.6899999976158142,-1,-1,-1
780,1515,174.2,159.8,54.2,63.6,0.28999999165534973,-1,-1,-1
780,1516,261.0,188.1,47.3,50.5,0.4099999964237213,-1,-1,-1
795,1515,178.7,162.6,49.6,58.9,0.800000011920929,-1,-1,-1
795,1516,259.0,175.1,56.5,62.2,0.8799999952316284,-1,-1,-1
810,1515,180.1,164.0,48.4,57.2,0.6100000143051147,-1,-1,-1
810,1516,262.3,166.5,56.0,62.9,0.7799999713897705,-1,-1,-1
825,1515,180.0,164.4,47.8,56.2,0.7300000190734863,-1,-1,-1
825,1516,264.2,163.5,55.7,63.7,0.8299999833106995,-1,-1,-1
840,1515,180.2,164.3,48.2,56.0,0.800000011920929,-1,-1,-1
840,1516,265.2,162.2,55.5,64.5,0.8399999737739563,-1,-1,-1
855,1515,179.4,165.0,47.8,55.3,0.7400000095367432,-1,-1,-1
855,1516,265.9,162.6,54.1,64.2,0.8299999833106995,-1,-1,-1
870,1515,178.0,163.5,49.9,57.9,0.6100000143051147,-1,-1,-1
870,1516,266.8,164.9,51.7,61.9,0.7900000214576721,-1,-1,-1
885,1515,177.5,165.1,48.8,56.4,0.5199999809265137,-1,-1,-1
885,1516,268.6,165.8,48.1,57.5,0.75,-1,-1,-1
900,1515,178.0,164.5,49.2,56.8,0.7200000286102295,-1,-1,-1
900,1516,268.0,165.8,49.3,59.7,0.8299999833106995,-1,-1,-1
915,1515,178.7,164.9,48.2,55.4,0.6899999976158142,-1,-1,-1
915,1516,268.7,166.6,47.6,57.9,0.7699999809265137,-1,-1,-1
930,1515,178.3,165.0,48.8,56.3,0.6499999761581421,-1,-1,-1
930,1516,269.0,166.9,47.8,58.6,0.800000011920929,-1,-1,-1
945,1515,179.3,166.2,47.8,54.8,0.699999988079071,-1,-1,-1
945,1516,268.3,167.1,49.0,60.7,0.8700000047683716,-1,-1,-1
960,1515,181.6,167.1,48.5,54.5,0.6700000166893005,-1,-1,-1
960,1516,268.1,166.5,48.8,61.2,0.8199999928474426,-1,-1,-1
975,1515,181.0,167.2,48.7,54.3,0.5899999737739563,-1,-1,-1
975,1516,268.4,166.4,48.4,61.3,0.8100000023841858,-1,-1,-1
990,1515,180.6,166.0,51.5,57.0,0.49000000953674316,-1,-1,-1
990,1516,268.7,166.1,48.3,61.9,0.8500000238418579,-1,-1,-1
1005,1515,181.1,165.8,51.9,56.6,0.7699999809265137,-1,-1,-1
1005,1516,268.8,166.0,48.0,62.1,0.8399999737739563,-1,-1,-1
1020,1515,182.8,166.7,52.0,54.9,0.7699999809265137,-1,-1,-1
1020,1516,268.4,163.0,48.7,63.6,0.8399999737739563,-1,-1,-1
1035,1515,182.5,167.4,52.2,53.8,0.7400000095367432,-1,-1,-1
1035,1516,268.9,164.0,48.0,63.2,0.8100000023841858,-1,-1,-1
1050,1515,180.9,167.2,52.2,53.3,0.6700000166893005,-1,-1,-1
1050,1516,268.4,163.4,48.9,65.0,0.8399999737739563,-1,-1,-1
1065,1515,179.5,167.1,51.9,53.0,0.7400000095367432,-1,-1,-1
1065,1516,268.4,163.9,47.9,63.9,0.8500000238418579,-1,-1,-1
1080,1515,179.4,166.2,53.4,54.4,0.800000011920929,-1,-1,-1
1080,1516,267.8,161.3,49.7,67.4,0.8199999928474426,-1,-1,-1
1095,1515,178.8,165.1,54.1,55.1,0.7699999809265137,-1,-1,-1
1095,1516,266.4,158.1,51.4,70.8,0.8199999928474426,-1,-1,-1
1110,1515,176.9,163.6,57.6,59.3,0.7599999904632568,-1,-1,-1
1110,1516,267.0,159.1,51.5,71.4,0.5299999713897705,-1,-1,-1
1125,1515,180.2,165.1,54.7,56.9,0.7900000214576721,-1,-1,-1
1125,1516,268.9,162.6,47.5,66.1,0.8600000143051147,-1,-1,-1
1140,1515,177.1,160.4,57.0,60.5,0.7900000214576721,-1,-1,-1
1140,1516,269.0,163.4,47.1,65.6,0.8700000047683716,-1,-1,-1
1155,1515,177.4,162.6,53.9,57.6,0.6000000238418579,-1,-1,-1
1155,1516,269.3,161.7,47.0,66.1,0.8199999928474426,-1,-1,-1
1170,1515,177.5,164.6,52.6,56.5,0.7799999713897705,-1,-1,-1
1170,1516,268.6,159.3,48.9,69.9,0.8500000238418579,-1,-1,-1
1185,1515,177.8,166.9,49.5,53.5,0.7400000095367432,-1,-1,-1
1185,1516,268.3,158.5,49.0,71.0,0.8399999737739563,-1,-1,-1
1200,1515,178.0,161.0,55.6,60.5,0.28999999165534973,-1,-1,-1
1200,1516,271.2,161.6,44.7,64.1,0.5099999904632568,-1,-1,-1
1215,1515,176.5,165.2,52.0,56.3,0.8500000238418579,-1,-1,-1
1215,1516,274.6,165.3,42.3,59.2,0.6299999952316284,-1,-1,-1
1230,1515,176.5,170.4,47.2,50.4,0.7099999785423279,-1,-1,-1
1230,1516,278.4,164.9,43.4,60.8,0.699999988079071,-1,-1,-1
1245,1515,177.4,171.5,45.9,48.6,0.17000000178813934,-1,-1,-1
1245,1516,278.2,165.5,39.9,51.2,0.2199999988079071,-1,-1,-1
1260,1515,180.2,170.5,41.7,43.3,0.17000000178813934,-1,-1,-1
1260,1516,273.5,163.0,41.1,53.0,0.4399999976158142,-1,-1,-1
1275,1515,176.6,168.9,46.4,48.5,0.7400000095367432,-1,-1,-1
1275,1516,271.0,153.1,47.8,62.6,0.8299999833106995,-1,-1,-1
1290,1515,176.5,168.4,49.1,51.5,0.6399999856948853,-1,-1,-1
1290,1516,274.2,165.1,43.7,57.1,0.7799999713897705,-1,-1,-1
1305,1515,177.9,170.1,47.8,49.9,0.3700000047683716,-1,-1,-1
1305,1516,274.1,160.6,48.6,64.4,0.8299999833106995,-1,-1,-1
1320,1515,176.3,170.9,46.1,48.3,0.5199999809265137,-1,-1,-1
1320,1516,274.3,158.6,50.2,67.4,0.75,-1,-1,-1
1335,1515,174.8,169.9,47.8,50.3,0.8100000023841858,-1,-1,-1
1335,1516,274.8,160.4,47.6,64.8,0.6299999952316284,-1,-1,-1
1365,1515,174.6,168.7,49.0,52.4,0.7300000190734863,-1,-1,-1
1365,1516,262.0,165.9,44.6,60.4,0.8399999737739563,-1,-1,-1
1380,1515,174.6,169.5,45.1,49.2,0.47999998927116394,-1,-1,-1
1380,1516,261.4,169.4,42.6,57.0,0.7200000286102295,-1,-1,-1
1395,1515,170.4,167.0,54.4,60.3,0.7200000286102295,-1,-1,-1
1395,1516,264.8,174.3,41.2,52.8,0.6399999856948853,-1,-1,-1
1410,1515,173.5,167.2,49.8,55.7,0.27000001072883606,-1,-1,-1
1410,1516,265.7,176.5,40.9,50.5,0.2199999988079071,-1,-1,-1
1425,1515,176.9,163.5,50.5,56.2,0.4099999964237213,-1,-1,-1
1425,1516,265.8,177.6,41.2,48.7,0.17000000178813934,-1,-1,-1
1440,1515,173.4,160.9,53.0,59.4,0.7400000095367432,-1,-1,-1
1440,1516,265.9,177.7,42.7,48.8,0.6499999761581421,-1,-1,-1
1455,1515,170.1,138.4,58.6,67.1,0.7400000095367432,-1,-1,-1
1455,1516,265.3,177.3,44.7,49.7,0.75,-1,-1,-1
1470,1515,169.2,118.3,63.4,73.8,0.6200000047683716,-1,-1,-1
1470,1516,260.0,172.2,49.6,55.5,0.7799999713897705,-1,-1,-1
1485,1515,167.4,100.2,54.2,64.5,0.7099999785423279,-1,-1,-1
1485,1516,249.9,163.2,58.1,67.3,0.75,-1,-1,-1
1500,1516,245.0,159.6,61.5,73.7,0.6000000238418579,-1,-1,-1
1515,1516,245.2,159.1,60.3,74.9,0.4300000071525574,-1,-1,-1
1530,1516,247.8,159.4,57.6,74.1,0.4000000059604645,-1,-1,-1
1530,1515,147.5,90.7,49.6,61.9,0.8299999833106995,-1,-1,-1
1545,1516,248.6,159.3,56.2,74.9,0.4300000071525574,-1,-1,-1
1560,1516,250.2,159.1,54.4,74.8,0.7099999785423279,-1,-1,-1
1575,1516,250.9,159.2,52.6,74.4,0.5799999833106995,-1,-1,-1
1590,1516,251.4,159.6,51.4,74.4,0.33000001311302185,-1,-1,-1
1605,1516,251.6,160.3,50.4,73.8,0.7900000214576721,-1,-1,-1
1620,1516,251.0,158.8,50.1,75.1,0.5600000023841858,-1,-1,-1
1635,1516,252.0,160.6,48.0,73.1,0.4000000059604645,-1,-1,-1
1650,1516,252.4,159.5,48.1,74.4,0.5799999833106995,-1,-1,-1
1665,1516,254.1,160.4,47.1,74.0,0.6899999976158142,-1,-1,-1
1680,1516,254.5,160.9,46.5,74.1,0.6000000238418579,-1,-1,-1
1695,1516,255.1,161.9,45.2,72.7,0.49000000953674316,-1,-1,-1
1710,1516,259.3,160.4,41.6,67.0,0.25,-1,-1,-1
1725,1516,267.3,166.0,38.6,57.4,0.7599999904632568,-1,-1,-1
1740,1516,268.6,168.8,38.4,53.8,0.6200000047683716,-1,-1,-1
1755,1516,269.1,168.7,40.6,54.0,0.6299999952316284,-1,-1,-1
1770,1516,268.1,167.1,43.3,54.9,0.3499999940395355,-1,-1,-1
1785,1516,267.1,168.7,44.5,53.9,0.46000000834465027,-1,-1,-1
1800,1516,267.0,169.2,45.8,53.5,0.7400000095367432,-1,-1,-1
1815,1516,266.7,169.9,46.3,52.2,0.7099999785423279,-1,-1,-1
1830,1516,265.7,169.6,48.2,52.7,0.8100000023841858,-1,-1,-1
1845,1516,265.4,170.2,49.2,52.5,0.75,-1,-1,-1
1860,1516,265.6,170.5,49.7,51.7,0.7799999713897705,-1,-1,-1
1875,1516,264.6,170.1,51.0,52.0,0.7599999904632568,-1,-1,-1
1890,1516,263.7,170.0,51.9,52.0,0.7400000095367432,-1,-1,-1
1905,1516,263.6,170.3,52.8,52.0,0.800000011920929,-1,-1,-1
1920,1516,264.0,169.9,54.1,53.0,0.7599999904632568,-1,-1,-1
1935,1516,263.0,170.3,54.4,52.6,0.5699999928474426,-1,-1,-1
1950,1516,262.3,169.5,55.3,52.7,0.7400000095367432,-1,-1,-1
1965,1516,261.7,169.9,55.6,52.5,0.3700000047683716,-1,-1,-1
1980,1516,261.3,170.7,56.6,52.6,0.14000000059604645,-1,-1,-1
1995,1516,260.7,169.8,58.0,53.4,0.6100000143051147,-1,-1,-1
2010,1516,260.0,170.3,58.2,52.9,0.3199999928474426,-1,-1,-1
2025,1516,260.4,169.3,59.2,53.4,0.27000001072883606,-1,-1,-1
2040,1516,259.9,169.2,59.8,53.8,0.699999988079071,-1,-1,-1
2055,1516,260.2,169.2,58.8,52.6,0.6899999976158142,-1,-1,-1
2070,1516,260.6,169.1,58.6,52.1,0.6899999976158142,-1,-1,-1
2085,1516,259.9,169.0,59.6,53.0,0.5899999737739563,-1,-1,-1
2100,1516,259.9,169.2,60.0,53.1,0.7200000286102295,-1,-1,-1
2115,1516,259.0,168.7,61.3,54.3,0.4699999988079071,-1,-1,-1
2130,1516,259.2,168.9,60.3,53.2,0.23999999463558197,-1,-1,-1
2145,1516,258.1,168.4,62.3,55.0,0.6299999952316284,-1,-1,-1
2160,1516,258.3,168.3,61.8,54.6,0.550000011920929,-1,-1,-1
2175,1516,258.8,168.6,60.9,53.6,0.3799999952316284,-1,-1,-1
2190,1516,258.2,169.4,61.4,53.8,0.15000000596046448,-1,-1,-1
2205,1516,258.6,169.5,61.4,53.8,0.3100000023841858,-1,-1,-1
2220,1516,258.8,169.5,60.6,52.9,0.7799999713897705,-1,-1,-1
2235,1516,259.6,170.3,61.8,53.6,0.5799999833106995,-1,-1,-1
2250,1516,259.1,170.0,62.6,54.2,0.4699999988079071,-1,-1,-1
2265,1516,258.8,169.2,63.1,54.6,0.28999999165534973,-1,-1,-1
2280,1516,262.3,166.3,63.6,56.9,0.23000000417232513,-1,-1,-1
2295,1516,255.5,160.1,71.9,67.4,0.800000011920929,-1,-1,-1
2310,1516,253.6,157.9,73.4,72.3,0.7699999809265137,-1,-1,-1
2325,1516,254.6,156.9,71.7,73.8,0.5699999928474426,-1,-1,-1
2340,1516,255.5,156.0,70.6,75.8,0.6200000047683716,-1,-1,-1
2355,1516,258.1,156.2,67.1,74.8,0.7599999904632568,-1,-1,-1
2370,1516,259.2,157.6,64.7,74.5,0.7200000286102295,-1,-1,-1
2385,1516,258.7,155.1,64.1,76.4,0.8299999833106995,-1,-1,-1
2400,1516,258.0,152.4,63.5,78.6,0.7900000214576721,-1,-1,-1
2415,1516,259.1,153.8,60.7,77.3,0.7699999809265137,-1,-1,-1
2415,1525,191.1,82.2,30.1,65.0,0.6200000047683716,-1,-1,-1
2430,1516,260.6,155.1,58.1,76.0,0.8199999928474426,-1,-1,-1
2430,1525,191.8,83.1,29.2,63.2,0.7400000095367432,-1,-1,-1
2445,1516,261.8,155.7,56.4,75.7,0.7900000214576721,-1,-1,-1
2445,1525,193.2,83.2,27.1,58.4,0.49000000953674316,-1,-1,-1
2460,1516,263.3,156.5,54.8,75.2,0.800000011920929,-1,-1,-1
2460,1525,193.4,82.9,26.7,57.3,0.5299999713897705,-1,-1,-1
2475,1516,264.5,168.9,44.2,62.5,0.6399999856948853,-1,-1,-1
2475,1525,193.5,82.9,28.4,60.7,0.6299999952316284,-1,-1,-1
2490,1516,265.4,161.2,48.7,69.9,0.7599999904632568,-1,-1,-1
2490,1525,192.3,82.5,29.8,63.5,0.5899999737739563,-1,-1,-1
2505,1516,265.7,158.8,49.4,72.0,0.8199999928474426,-1,-1,-1
2505,1525,191.9,82.7,30.0,64.1,0.7300000190734863,-1,-1,-1
2520,1516,266.2,158.9,48.7,72.0,0.49000000953674316,-1,-1,-1
2520,1525,191.7,82.2,30.4,65.0,0.5199999809265137,-1,-1,-1
2535,1516,268.9,164.2,44.7,66.2,0.6000000238418579,-1,-1,-1
2535,1525,194.4,81.2,29.8,64.2,0.17000000178813934,-1,-1,-1
2625,1516,272.3,174.2,43.2,61.6,0.8100000023841858,-1,-1,-1
2640,1516,270.9,175.9,43.4,60.7,0.75,-1,-1,-1
2655,1516,271.5,177.1,44.6,60.9,0.3499999940395355,-1,-1,-1
2670,1516,272.0,177.9,44.3,59.2,0.5199999809265137,-1,-1,-1
2685,1516,271.8,178.6,45.1,58.5,0.7099999785423279,-1,-1,-1
2700,1516,271.5,178.0,46.1,58.5,0.3100000023841858,-1,-1,-1
2715,1516,270.8,177.4,46.6,58.2,0.7599999904632568,-1,-1,-1
2730,1516,270.2,177.4,47.5,58.2,0.6600000262260437,-1,-1,-1
2745,1516,270.2,178.6,49.2,59.3,0.75,-1,-1,-1
2760,1516,266.3,185.0,51.4,62.6,0.6700000166893005,-1,-1,-1
2775,1516,269.2,184.1,46.1,56.0,0.1599999964237213,-1,-1,-1
2820,1516,257.2,144.1,55.9,69.6,0.8500000238418579,-1,-1,-1
2835,1516,252.0,136.4,54.0,66.8,0.8500000238418579,-1,-1,-1
2850,1516,243.7,132.4,56.4,67.8,0.8100000023841858,-1,-1,-1
2865,1516,244.7,130.8,56.8,68.2,0.800000011920929,-1,-1,-1
2880,1516,242.3,131.0,56.9,66.8,0.8199999928474426,-1,-1,-1
2895,1516,240.1,130.7,58.5,67.2,0.8199999928474426,-1,-1,-1
2910,1516,236.3,130.5,60.9,68.2,0.8299999833106995,-1,-1,-1
2925,1516,232.9,130.5,64.0,70.0,0.8399999737739563,-1,-1,-1
2940,1516,230.8,130.7,65.9,70.3,0.8100000023841858,-1,-1,-1
2955,1516,230.2,131.2,66.5,69.6,0.800000011920929,-1,-1,-1
2970,1516,230.5,131.4,67.6,69.8,0.8100000023841858,-1,-1,-1
2985,1516,229.9,131.7,68.5,69.6,0.8199999928474426,-1,-1,-1
3000,1516,233.4,131.8,67.3,68.1,0.8100000023841858,-1,-1,-1
3015,1516,236.0,131.9,66.4,67.1,0.75,-1,-1,-1
3030,1516,231.6,132.7,69.0,68.9,0.8199999928474426,-1,-1,-1
3045,1516,230.2,133.2,70.0,69.1,0.6499999761581421,-1,-1,-1
3060,1516,228.0,132.9,72.0,70.5,0.8299999833106995,-1,-1,-1
3075,1516,227.2,133.0,72.6,70.3,0.7900000214576721,-1,-1,-1
3090,1516,231.6,132.9,69.8,67.5,0.7699999809265137,-1,-1,-1
3105,1516,233.7,133.4,68.5,66.0,0.7300000190734863,-1,-1,-1
3120,1516,230.2,133.6,71.4,68.3,0.7799999713897705,-1,-1,-1
3135,1516,238.6,132.9,68.6,67.5,0.800000011920929,-1,-1,-1
3150,1516,242.8,132.9,66.3,66.9,0.8299999833106995,-1,-1,-1
3165,1516,245.8,134.5,61.8,64.1,0.18000000715255737,-1,-1,-1
3180,1516,250.5,140.8,53.5,56.2,0.3400000035762787,-1,-1,-1
3195,1516,251.8,138.7,55.7,59.9,0.7400000095367432,-1,-1,-1
3210,1516,251.0,142.7,51.7,56.5,0.27000001072883606,-1,-1,-1
3225,1516,245.5,136.1,56.9,63.4,0.75,-1,-1,-1
3240,1516,239.8,136.0,59.3,64.9,0.7699999809265137,-1,-1,-1
3255,1516,235.2,136.3,62.3,66.9,0.6800000071525574,-1,-1,-1
3270,1516,234.2,137.1,63.1,66.3,0.7400000095367432,-1,-1,-1
3285,1516,238.3,136.2,62.6,66.4,0.7599999904632568,-1,-1,-1
3300,1516,241.0,135.8,61.5,65.7,0.6899999976158142,-1,-1,-1
3315,1516,235.0,135.4,63.9,67.5,0.7400000095367432,-1,-1,-1
3330,1516,231.9,135.2,66.2,69.1,0.8100000023841858,-1,-1,-1
3345,1516,231.8,135.7,65.7,67.6,0.7699999809265137,-1,-1,-1
3360,1516,235.7,135.6,64.4,66.1,0.75,-1,-1,-1
3375,1516,234.5,135.3,66.3,67.6,0.5799999833106995,-1,-1,-1
3390,1516,231.3,135.1,68.7,69.3,0.6800000071525574,-1,-1,-1
3405,1516,236.0,135.3,66.2,66.8,0.4399999976158142,-1,-1,-1
3420,1516,240.9,136.2,63.3,64.5,0.5299999713897705,-1,-1,-1
3435,1516,233.5,136.3,67.1,67.6,0.6399999856948853,-1,-1,-1
3450,1516,230.9,136.6,68.1,68.1,0.800000011920929,-1,-1,-1
3465,1516,242.7,136.9,67.0,69.9,0.7300000190734863,-1,-1,-1
3480,1516,244.4,142.5,64.8,70.1,0.7099999785423279,-1,-1,-1
3495,1516,247.7,143.5,60.0,66.7,0.7599999904632568,-1,-1,-1
3510,1516,247.2,131.3,64.1,74.7,0.8299999833106995,-1,-1,-1
3525,1516,249.5,133.9,57.7,69.5,0.7799999713897705,-1,-1,-1
3540,1516,251.4,136.1,53.5,66.6,0.6899999976158142,-1,-1,-1
3555,1516,253.1,136.7,51.3,65.7,0.7300000190734863,-1,-1,-1
3570,1516,252.1,136.6,50.3,65.7,0.699999988079071,-1,-1,-1
3585,1516,253.4,137.3,48.6,64.8,0.75,-1,-1,-1
3600,1516,254.5,138.0,47.4,64.4,0.7799999713897705,-1,-1,-1
3615,1516,255.5,138.1,46.1,63.9,0.7599999904632568,-1,-1,-1
3630,1516,256.2,138.3,44.8,63.2,0.38999998569488525,-1,-1,-1
3645,1516,255.7,139.1,44.2,63.0,0.5199999809265137,-1,-1,-1
3660,1516,251.9,138.4,44.9,63.5,0.7300000190734863,-1,-1,-1
3675,1516,254.3,138.9,44.5,63.9,0.5600000023841858,-1,-1,-1
3690,1516,254.0,138.9,44.5,64.1,0.49000000953674316,-1,-1,-1
3705,1516,256.0,138.0,43.9,64.0,0.5899999737739563,-1,-1,-1
3720,1516,253.2,131.7,47.9,70.4,0.7599999904632568,-1,-1,-1
3735,1516,254.9,130.0,48.0,72.0,0.7900000214576721,-1,-1,-1
3750,1516,255.5,133.4,45.1,68.7,0.6800000071525574,-1,-1,-1
3765,1516,255.2,131.0,46.0,71.7,0.800000011920929,-1,-1,-1
3780,1516,256.2,131.4,44.8,71.1,0.8100000023841858,-1,-1,-1
3795,1516,255.8,134.1,43.0,68.4,0.47999998927116394,-1,-1,-1
3810,1516,257.3,135.5,42.0,67.5,0.5799999833106995,-1,-1,-1
3825,1516,258.2,136.6,40.9,66.0,0.7300000190734863,-1,-1,-1
3840,1516,258.2,136.6,40.2,65.1,0.7799999713897705,-1,-1,-1
3855,1516,258.8,137.3,40.0,64.8,0.800000011920929,-1,-1,-1
3870,1516,259.1,137.5,39.8,64.7,0.5799999833106995,-1,-1,-1
3885,1516,259.2,137.6,39.7,64.5,0.7799999713897705,-1,-1,-1
3900,1516,259.1,137.5,39.9,64.9,0.7699999809265137,-1,-1,-1
3915,1516,259.0,137.5,39.8,64.9,0.5400000214576721,-1,-1,-1
3930,1516,258.8,137.2,39.8,65.4,0.6899999976158142,-1,-1,-1
3945,1516,257.1,135.1,41.2,68.3,0.75,-1,-1,-1
3960,1516,258.3,135.5,40.9,65.8,0.6600000262260437,-1,-1,-1
3975,1516,257.7,125.5,41.4,68.1,0.6399999856948853,-1,-1,-1
3990,1516,259.2,121.6,40.5,66.0,0.800000011920929,-1,-1,-1
4005,1516,264.5,118.6,41.0,67.1,0.6899999976158142,-1,-1,-1
4020,1516,262.6,115.6,41.4,69.4,0.46000000834465027,-1,-1,-1
4035,1516,261.2,107.8,45.1,77.6,0.8299999833106995,-1,-1,-1
4050,1516,262.7,110.7,42.7,75.0,0.7799999713897705,-1,-1,-1
4065,1516,261.7,105.7,43.1,76.4,0.8100000023841858,-1,-1,-1
4080,1516,260.0,102.1,45.4,80.7,0.8199999928474426,-1,-1,-1
4095,1516,259.5,101.6,45.9,81.5,0.7099999785423279,-1,-1,-1
4110,1516,260.4,102.5,44.2,78.7,0.7699999809265137,-1,-1,-1
4125,1516,260.8,102.8,44.2,78.7,0.7200000286102295,-1,-1,-1
4140,1516,261.5,104.4,43.1,76.2,0.800000011920929,-1,-1,-1
4155,1516,261.2,101.6,45.9,80.8,0.5,-1,-1,-1
4170,1516,261.4,102.7,45.7,80.3,0.7300000190734863,-1,-1,-1
4185,1516,261.4,100.1,47.5,83.0,0.8199999928474426,-1,-1,-1
4200,1516,259.0,99.8,48.2,84.3,0.8100000023841858,-1,-1,-1
4215,1516,257.7,99.9,48.9,85.1,0.8600000143051147,-1,-1,-1
4230,1516,257.0,100.2,49.0,85.2,0.8700000047683716,-1,-1,-1
4245,1516,259.3,100.7,50.3,85.2,0.6700000166893005,-1,-1,-1
4260,1516,260.1,102.1,50.4,83.5,0.6100000143051147,-1,-1,-1
4275,1516,256.7,101.6,51.0,84.5,0.699999988079071,-1,-1,-1
4290,1516,256.3,101.5,50.8,84.0,0.41999998688697815,-1,-1,-1
4305,1516,256.0,102.0,50.8,83.8,0.8100000023841858,-1,-1,-1
4320,1516,256.2,101.8,50.8,83.7,0.3400000035762787,-1,-1,-1
4335,1516,259.8,115.0,43.6,70.0,0.27000001072883606,-1,-1,-1
4350,1516,256.9,106.0,48.8,78.7,0.5699999928474426,-1,-1,-1
4365,1516,255.5,100.4,52.2,84.6,0.7300000190734863,-1,-1,-1
4380,1516,255.2,98.9,52.6,85.8,0.8100000023841858,-1,-1,-1
4395,1516,255.4,99.9,52.5,86.1,0.4099999964237213,-1,-1,-1
4410,1516,255.4,100.5,52.2,85.8,0.47999998927116394,-1,-1,-1
4425,1516,257.3,97.2,54.7,89.1,0.7099999785423279,-1,-1,-1
4440,1516,261.9,96.9,53.9,87.9,0.7699999809265137,-1,-1,-1
4455,1516,264.5,97.6,51.3,83.6,0.7400000095367432,-1,-1,-1
4470,1516,265.0,97.1,49.6,80.3,0.800000011920929,-1,-1,-1
4485,1516,266.4,100.0,47.4,76.2,0.6899999976158142,-1,-1,-1
4500,1516,266.6,101.0,46.8,74.1,0.7599999904632568,-1,-1,-1
4515,1516,266.4,97.9,51.6,83.1,0.8600000143051147,-1,-1,-1
4530,1516,266.8,96.9,55.6,90.1,0.8700000047683716,-1,-1,-1
4545,1516,265.9,97.9,54.8,90.6,0.8299999833106995,-1,-1,-1
4560,1516,266.0,96.8,54.7,91.3,0.8199999928474426,-1,-1,-1
4575,1516,268.6,96.2,46.9,77.6,0.7799999713897705,-1,-1,-1
4590,1516,266.5,94.3,49.5,83.9,0.6499999761581421,-1,-1,-1
4605,1516,258.4,99.6,52.7,90.1,0.8500000238418579,-1,-1,-1
4620,1516,256.8,102.4,53.5,92.2,0.6899999976158142,-1,-1,-1
4635,1516,257.7,104.8,52.8,91.8,0.5,-1,-1,-1
4650,1516,262.1,121.3,44.2,75.0,0.20999999344348907,-1,-1,-1
4665,1516,257.5,109.0,52.1,88.6,0.25999999046325684,-1,-1,-1
4680,1516,257.6,106.0,53.5,91.6,0.6299999952316284,-1,-1,-1
4695,1516,257.5,104.8,54.0,92.3,0.25999999046325684,-1,-1,-1
4710,1516,257.0,101.9,55.5,95.2,0.5600000023841858,-1,-1,-1
4725,1516,272.8,124.1,43.5,73.1,0.6299999952316284,-1,-1,-1
4740,1516,261.6,106.8,52.6,90.1,0.800000011920929,-1,-1,-1
4755,1516,270.6,124.8,43.6,73.8,0.800000011920929,-1,-1,-1
4770,1516,269.2,125.8,42.9,73.6,0.8399999737739563,-1,-1,-1
4785,1516,268.2,125.5,42.1,74.0,0.7799999713897705,-1,-1,-1
4800,1516,274.4,137.1,36.4,61.8,0.5299999713897705,-1,-1,-1
4815,1516,278.1,140.6,35.1,57.4,0.2199999988079071,-1,-1,-1
4830,1516,271.9,135.6,38.4,63.9,0.1599999964237213,-1,-1,-1
4845,1516,266.8,131.8,41.5,69.6,0.7400000095367432,-1,-1,-1
4860,1516,260.5,113.7,51.0,88.2,0.7200000286102295,-1,-1,-1
4875,1516,262.7,121.5,45.8,79.6,0.6200000047683716,-1,-1,-1
4890,1516,255.7,112.0,51.7,90.3,0.27000001072883606,-1,-1,-1
4905,1516,257.0,107.9,52.9,94.7,0.7799999713897705,-1,-1,-1
4920,1516,256.7,104.1,54.0,98.4,0.7300000190734863,-1,-1,-1
4935,1516,256.7,101.3,54.5,101.1,0.8600000143051147,-1,-1,-1
4950,1516,257.2,100.8,53.7,102.1,0.8399999737739563,-1,-1,-1
4965,1516,255.5,101.9,51.6,97.6,0.1599999964237213,-1,-1,-1
4980,1516,256.3,103.2,51.0,97.8,0.6100000143051147,-1,-1,-1
4995,1516,261.8,115.6,44.6,85.0,0.7599999904632568,-1,-1,-1
5010,1516,257.9,106.5,49.8,95.6,0.7300000190734863,-1,-1,-1
5025,1516,262.6,117.2,44.1,84.1,0.6800000071525574,-1,-1,-1
5040,1516,258.8,114.0,46.2,87.8,0.6600000262260437,-1,-1,-1
5055,1516,263.3,122.1,41.6,78.4,0.7799999713897705,-1,-1,-1
5070,1516,264.7,126.6,40.0,74.6,0.2800000011920929,-1,-1,-1
5085,1516,263.7,124.8,41.3,76.4,0.12999999523162842,-1,-1,-1
5100,1516,264.4,127.8,40.0,73.2,0.6299999952316284,-1,-1,-1
5115,1516,265.3,126.0,40.7,74.3,0.8500000238418579,-1,-1,-1
5130,1516,258.2,107.7,50.7,94.1,0.8399999737739563,-1,-1,-1
5145,1516,260.4,114.3,46.9,87.6,0.6899999976158142,-1,-1,-1
5160,1516,261.5,117.2,45.1,85.0,0.800000011920929,-1,-1,-1
5175,1516,253.2,103.8,52.4,98.5,0.75,-1,-1,-1
5190,1516,259.3,115.0,46.4,87.2,0.6600000262260437,-1,-1,-1
5205,1516,263.0,120.2,43.3,81.3,0.8700000047683716,-1,-1,-1
5220,1516,263.8,120.4,42.8,81.0,0.8600000143051147,-1,-1,-1
5220,1532,252.2,95.4,37.5,63.8,0.699999988079071,-1,-1,-1
5235,1516,264.0,121.0,42.4,80.7,0.8700000047683716,-1,-1,-1
5235,1532,253.0,91.4,41.8,71.6,0.6899999976158142,-1,-1,-1
5250,1516,264.9,122.1,41.8,79.6,0.8799999952316284,-1,-1,-1
5250,1532,249.6,82.5,44.8,77.0,0.800000011920929,-1,-1,-1
5265,1516,265.7,123.3,41.1,78.5,0.8700000047683716,-1,-1,-1
5280,1516,266.3,123.9,40.4,77.2,0.8600000143051147,-1,-1,-1
5295,1516,266.6,124.7,39.8,76.0,0.8399999737739563,-1,-1,-1
5310,1516,266.8,125.4,39.6,75.7,0.8799999952316284,-1,-1,-1
5325,1516,266.7,126.0,39.1,74.7,0.8700000047683716,-1,-1,-1
5340,1516,266.2,125.1,39.6,75.8,0.8500000238418579,-1,-1,-1
5340,1534,184.4,72.9,24.9,56.7,0.6200000047683716,-1,-1,-1
5355,1516,265.7,124.1,40.7,78.3,0.8600000143051147,-1,-1,-1
5355,1534,184.3,73.2,25.3,57.5,0.7099999785423279,-1,-1,-1
5370,1516,266.1,125.8,39.9,76.5,0.8799999952316284,-1,-1,-1
5370,1534,184.4,73.5,25.6,57.9,0.6100000143051147,-1,-1,-1
5385,1516,261.0,134.9,36.0,67.3,0.6700000166893005,-1,-1,-1
5385,1534,182.9,73.5,25.7,56.9,0.4399999976158142,-1,-1,-1
5400,1516,257.5,134.4,35.9,67.4,0.8100000023841858,-1,-1,-1
5400,1534,183.2,73.4,25.5,56.0,0.5600000023841858,-1,-1,-1
5415,1516,256.5,136.1,35.2,65.6,0.800000011920929,-1,-1,-1
5415,1534,182.9,73.2,26.2,57.0,0.6600000262260437,-1,-1,-1
5430,1516,260.5,141.4,33.1,60.6,0.7599999904632568,-1,-1,-1
5430,1534,182.5,73.5,26.3,56.5,0.2199999988079071,-1,-1,-1
5445,1516,260.9,142.2,33.3,59.9,0.6600000262260437,-1,-1,-1
5445,1534,183.1,73.9,26.4,56.1,0.4300000071525574,-1,-1,-1
5460,1516,253.7,134.5,36.8,66.7,0.800000011920929,-1,-1,-1
5460,1534,183.2,73.8,27.2,56.3,0.6899999976158142,-1,-1,-1
5475,1516,256.6,136.6,36.1,65.1,0.7099999785423279,-1,-1,-1
5475,1534,182.5,73.7,27.4,55.6,0.5299999713897705,-1,-1,-1
5490,1516,249.7,129.3,39.8,72.7,0.8299999833106995,-1,-1,-1
5490,1534,182.2,73.4,28.3,56.5,0.6299999952316284,-1,-1,-1
5505,1516,250.9,128.8,39.6,73.1,0.8500000238418579,-1,-1,-1
5505,1534,181.3,73.6,28.7,56.8,0.6200000047683716,-1,-1,-1
5520,1516,256.0,134.0,36.9,67.6,0.6899999976158142,-1,-1,-1
5520,1534,180.6,73.2,29.2,57.1,0.47999998927116394,-1,-1,-1
5535,1516,252.8,128.9,39.5,73.2,0.8100000023841858,-1,-1,-1
5535,1534,181.4,73.3,29.6,57.0,0.6200000047683716,-1,-1,-1
5550,1516,251.0,127.4,38.6,73.9,0.800000011920929,-1,-1,-1
5550,1534,181.0,73.6,29.7,57.6,0.6899999976158142,-1,-1,-1
5565,1516,245.5,132.0,36.6,69.2,0.8399999737739563,-1,-1,-1
5565,1534,181.9,73.6,30.0,56.6,0.6700000166893005,-1,-1,-1
5580,1516,244.3,138.1,34.0,63.2,0.7099999785423279,-1,-1,-1
5580,1534,181.2,73.6,29.9,56.4,0.5400000214576721,-1,-1,-1
5595,1516,244.4,140.1,33.2,60.6,0.8100000023841858,-1,-1,-1
5595,1534,180.4,73.4,30.3,57.0,0.7599999904632568,-1,-1,-1
5610,1516,244.9,140.9,33.0,59.6,0.6299999952316284,-1,-1,-1
5610,1534,180.7,73.5,30.3,57.0,0.7200000286102295,-1,-1,-1
5625,1516,250.9,141.6,34.0,60.7,0.7300000190734863,-1,-1,-1
5625,1534,180.5,73.2,30.2,56.4,0.5899999737739563,-1,-1,-1
5640,1516,258.1,140.4,39.0,65.4,0.8100000023841858,-1,-1,-1
5640,1534,171.6,72.0,32.8,56.3,0.6100000143051147,-1,-1,-1
5655,1516,260.3,141.3,40.8,64.5,0.800000011920929,-1,-1,-1
5655,1534,171.9,74.1,32.8,55.9,0.5099999904632568,-1,-1,-1
5670,1516,261.3,142.9,41.6,62.3,0.6800000071525574,-1,-1,-1
5685,1516,258.8,143.3,42.2,61.0,0.3799999952316284,-1,-1,-1
5700,1516,259.5,143.3,44.5,61.7,0.6499999761581421,-1,-1,-1
5715,1516,258.2,143.1,46.4,62.3,0.7699999809265137,-1,-1,-1
5745,1516,236.1,130.5,50.0,69.8,0.7699999809265137,-1,-1,-1
5775,1534,180.3,88.1,34.7,60.0,0.7200000286102295,-1,-1,-1
5775,1516,220.0,141.4,44.6,63.4,0.6700000166893005,-1,-1,-1
5790,1516,219.7,145.8,40.3,58.4,0.7400000095367432,-1,-1,-1
5805,1516,222.4,147.2,38.6,56.7,0.10999999940395355,-1,-1,-1
5820,1516,232.8,137.7,45.9,69.8,0.8600000143051147,-1,-1,-1
5835,1516,244.3,144.2,40.9,62.3,0.6100000143051147,-1,-1,-1
5850,1516,246.9,142.6,42.5,64.9,0.7599999904632568,-1,-1,-1
5865,1516,257.9,148.4,40.9,60.9,0.7300000190734863,-1,-1,-1
5910,1516,291.1,163.2,39.7,54.6,0.800000011920929,-1,-1,-1
5925,1516,302.4,167.9,39.6,50.0,0.8500000238418579,-1,-1,-1
5940,1516,306.5,185.6,39.2,47.6,0.800000011920929,-1,-1,-1
