240,2881,250.5,219.7,62.6,94.2,0.7699999809265137,-1,-1,-1
255,2881,250.9,222.8,59.5,89.6,0.7599999904632568,-1,-1,-1
270,2881,246.8,223.0,59.7,89.6,0.4699999988079071,-1,-1,-1
285,2881,244.8,222.2,61.1,91.4,0.7599999904632568,-1,-1,-1
300,2881,243.0,221.9,61.8,91.8,0.7099999785423279,-1,-1,-1
315,2881,243.7,222.4,61.3,90.5,0.550000011920929,-1,-1,-1
330,2881,246.2,226.4,59.9,87.9,0.800000011920929,-1,-1,-1
345,2881,245.9,230.1,57.4,83.0,0.800000011920929,-1,-1,-1
345,2888,307.8,176.8,66.2,68.1,0.6700000166893005,-1,-1,-1
345,2889,258.7,37.1,21.1,42.0,0.8500000238418579,-1,-1,-1
360,2881,246.0,230.3,56.6,80.4,0.8199999928474426,-1,-1,-1
360,2888,309.7,178.9,62.5,64.2,0.75,-1,-1,-1
360,2889,264.8,32.5,18.4,36.7,0.7400000095367432,-1,-1,-1
375,2881,245.0,230.8,57.1,79.6,0.6000000238418579,-1,-1,-1
375,2888,312.0,179.6,62.8,64.1,0.2800000011920929,-1,-1,-1
375,2889,272.4,28.9,17.0,34.0,0.75,-1,-1,-1
390,2881,247.1,233.6,55.8,76.6,0.5899999737739563,-1,-1,-1
390,2888,312.0,179.8,61.1,62.0,0.800000011920929,-1,-1,-1
390,2889,277.8,22.5,16.4,33.0,0.7400000095367432,-1,-1,-1
405,2888,312.8,178.9,61.2,61.8,0.6499999761581421,-1,-1,-1
420,2888,314.6,178.6,70.2,72.2,0.6299999952316284,-1,-1,-1
435,2888,315.6,176.5,62.4,63.5,0.8100000023841858,-1,-1,-1
465,2888,349.3,179.3,52.0,51.2,0.6399999856948853,-1,-1,-1
2220,2896,265.9,33.2,23.4,38.6,0.7200000286102295,-1,-1,-1
2235,2896,256.2,38.4,27.6,45.7,0.8500000238418579,-1,-1,-1
2385,2898,323.4,55.4,25.5,43.8,0.7300000190734863,-1,-1,-1
2910,2900,223.5,88.4,39.4,78.5,0.8500000238418579,-1,-1,-1
2925,2900,222.6,86.8,39.6,78.6,0.6100000143051147,-1,-1,-1
2940,2900,222.1,86.7,39.8,78.6,0.6899999976158142,-1,-1,-1
2955,2900,221.8,87.1,40.0,78.5,0.6700000166893005,-1,-1,-1
2970,2900,221.7,87.3,40.0,77.9,0.75,-1,-1,-1
2985,2900,221.6,86.9,40.8,78.8,0.7900000214576721,-1,-1,-1
3000,2900,221.7,86.9,40.5,77.3,0.8299999833106995,-1,-1,-1
3015,2900,221.7,87.0,41.2,77.7,0.8299999833106995,-1,-1,-1
3030,2900,221.3,86.3,42.1,78.7,0.8500000238418579,-1,-1,-1
3045,2900,221.2,86.2,42.6,78.8,0.8799999952316284,-1,-1,-1
3060,2900,218.7,86.4,54.0,100.0,0.8100000023841858,-1,-1,-1
3075,2900,220.1,86.0,47.5,87.1,0.8199999928474426,-1,-1,-1
3090,2900,220.6,86.0,44.6,81.1,0.7900000214576721,-1,-1,-1
3105,2900,220.1,86.1,44.6,80.7,0.6700000166893005,-1,-1,-1
3120,2900,220.5,86.0,44.0,79.1,0.7400000095367432,-1,-1,-1
3135,2900,220.4,85.7,44.5,79.4,0.8500000238418579,-1,-1,-1
3150,2900,220.5,85.4,44.0,77.8,0.7599999904632568,-1,-1,-1
3165,2900,220.5,85.3,44.2,77.6,0.8500000238418579,-1,-1,-1
3180,2900,220.1,85.8,44.6,77.8,0.8700000047683716,-1,-1,-1
3195,2900,219.7,85.4,45.6,79.2,0.8299999833106995,-1,-1,-1
3210,2900,220.1,84.5,45.6,79.7,0.8600000143051147,-1,-1,-1
3225,2900,233.2,72.6,43.2,76.7,0.8799999952316284,-1,-1,-1
3240,2900,246.4,56.3,36.6,65.4,0.8999999761581421,-1,-1,-1
3255,2900,252.2,41.8,29.6,53.5,0.8799999952316284,-1,-1,-1
3270,2900,263.4,26.8,19.2,34.9,0.6800000071525574,-1,-1,-1
3285,2900,264.1,20.6,15.9,29.2,0.5099999904632568,-1,-1,-1
4200,2912,308.8,138.0,81.7,59.9,0.8199999928474426,-1,-1,-1
4215,2913,277.6,51.2,25.8,52.8,0.8600000143051147,-1,-1,-1
4230,2913,281.3,41.9,22.4,45.5,0.8700000047683716,-1,-1,-1
4245,2913,280.4,33.2,18.1,36.6,0.7400000095367432,-1,-1,-1
4260,2913,272.6,26.0,17.6,35.7,0.6899999976158142,-1,-1,-1
4275,2913,268.3,21.6,15.8,31.9,0.27000001072883606,-1,-1,-1
4290,2913,264.0,19.0,14.0,28.5,0.6000000238418579,-1,-1,-1
4290,2912,333.6,164.0,67.5,49.2,0.7300000190734863,-1,-1,-1
4305,2913,258.1,17.2,12.0,24.2,0.5400000214576721,-1,-1,-1
4305,2912,321.3,164.8,69.2,50.4,0.4399999976158142,-1,-1,-1
4320,2912,310.0,166.6,81.4,59.7,0.27000001072883606,-1,-1,-1
4650,2915,255.4,30.1,16.9,33.7,0.7799999713897705,-1,-1,-1
4665,2915,254.8,33.4,17.5,34.9,0.8199999928474426,-1,-1,-1
4680,2915,253.9,37.2,19.9,39.7,0.8700000047683716,-1,-1,-1
4695,2915,251.8,41.8,22.3,44.5,0.8100000023841858,-1,-1,-1
5865,2934,264.9,32.7,23.2,43.0,0.75,-1,-1,-1
5895,2934,271.5,41.4,31.2,58.0,0.7300000190734863,-1,-1,-1
5910,2934,274.4,42.6,30.6,57.3,0.41999998688697815,-1,-1,-1
5925,2934,279.6,42.1,28.2,52.8,0.7599999904632568,-1,-1,-1
6075,2939,178.7,248.4,72.9,87.7,0.6600000262260437,-1,-1,-1
6090,2939,177.4,247.9,73.1,87.9,0.5699999928474426,-1,-1,-1
6240,2943,251.4,143.9,57.1,82.6,0.8199999928474426,-1,-1,-1
6255,2943,251.3,144.0,55.0,79.3,0.550000011920929,-1,-1,-1
6270,2943,260.9,142.6,49.8,71.8,0.5600000023841858,-1,-1,-1
6300,2943,263.6,93.1,49.9,71.3,0.7699999809265137,-1,-1,-1
6420,2946,105.9,108.8,47.4,57.8,0.7200000286102295,-1,-1,-1
6435,2946,106.1,107.9,47.4,57.8,0.20999999344348907,-1,-1,-1
6450,2939,171.4,239.9,74.5,93.1,0.7599999904632568,-1,-1,-1
6465,2939,172.5,239.6,73.6,93.4,0.3100000023841858,-1,-1,-1
8085,2962,305.0,47.0,28.3,42.0,0.7200000286102295,-1,-1,-1
8100,2962,318.3,54.9,30.2,44.7,0.6200000047683716,-1,-1,-1
8220,2962,359.1,105.4,32.1,45.8,0.6000000238418579,-1,-1,-1
