105,3531,363.6,104.2,45.5,67.6,0.8100000023841858,-1,-1,-1
120,3534,350.7,66.3,37.2,53.2,0.8500000238418579,-1,-1,-1
120,3535,306.2,37.0,24.8,43.6,0.6299999952316284,-1,-1,-1
135,3534,337.4,63.4,43.5,62.3,0.6299999952316284,-1,-1,-1
180,3531,372.6,87.3,30.8,45.0,0.6499999761581421,-1,-1,-1
315,3535,299.2,29.7,16.2,28.8,0.7799999713897705,-1,-1,-1
405,3534,211.0,48.7,52.5,75.3,0.8600000143051147,-1,-1,-1
435,3534,198.1,47.9,33.1,50.0,0.6200000047683716,-1,-1,-1
525,3534,163.1,50.6,41.5,63.2,0.7200000286102295,-1,-1,-1
1335,3554,288.8,41.5,26.7,48.5,0.7799999713897705,-1,-1,-1
1350,3559,375.9,96.5,51.9,48.2,0.8399999737739563,-1,-1,-1
1365,3559,387.2,97.3,45.8,42.7,0.8700000047683716,-1,-1,-1
1380,3559,405.4,103.4,35.5,33.1,0.7200000286102295,-1,-1,-1
1380,3561,361.9,68.0,24.5,31.2,0.8299999833106995,-1,-1,-1
1395,3561,365.4,62.2,24.3,30.7,0.6600000262260437,-1,-1,-1
1650,3569,357.4,107.2,57.7,52.8,0.7900000214576721,-1,-1,-1
1680,3554,303.6,39.6,25.7,47.2,0.6899999976158142,-1,-1,-1
1860,3569,354.9,78.0,50.6,47.8,0.8299999833106995,-1,-1,-1
1875,3569,361.5,74.7,43.0,41.9,0.6000000238418579,-1,-1,-1
2115,3554,307.5,49.6,35.5,62.2,0.7900000214576721,-1,-1,-1
2130,3554,289.4,67.3,51.4,85.5,0.8799999952316284,-1,-1,-1
2145,3581,258.1,45.2,32.9,51.1,0.8299999833106995,-1,-1,-1
2820,3594,363.7,76.7,36.0,49.1,0.8600000143051147,-1,-1,-1
2835,3594,344.7,72.3,41.5,56.5,0.8999999761581421,-1,-1,-1
2850,3594,309.3,67.8,50.6,69.1,0.8899999856948853,-1,-1,-1
2850,3597,263.5,50.6,35.6,59.5,0.8600000143051147,-1,-1,-1
2865,3597,250.5,65.4,51.1,85.6,0.8600000143051147,-1,-1,-1
2865,3600,225.9,60.6,36.1,67.7,0.8299999833106995,-1,-1,-1
2880,3602,173.1,79.1,52.0,70.6,0.7599999904632568,-1,-1,-1
2880,3603,92.4,107.9,50.6,48.4,0.8299999833106995,-1,-1,-1
2895,3602,173.6,56.7,40.4,55.2,0.8299999833106995,-1,-1,-1
2895,3603,99.6,94.7,43.7,41.9,0.8399999737739563,-1,-1,-1
2910,3603,109.1,74.7,42.8,41.4,0.6700000166893005,-1,-1,-1
2925,3603,124.2,62.1,36.6,35.8,0.20000000298023224,-1,-1,-1
3195,3616,367.6,78.3,34.2,42.2,0.7699999809265137,-1,-1,-1
3525,3616,375.8,102.1,40.4,46.6,0.7099999785423279,-1,-1,-1
4035,3637,120.7,283.4,131.3,171.9,0.7799999713897705,-1,-1,-1
4110,3644,333.2,67.5,43.1,54.1,0.7099999785423279,-1,-1,-1
4110,3645,357.6,106.8,50.0,51.9,0.800000011920929,-1,-1,-1
4380,3644,326.8,71.2,56.5,70.4,0.8600000143051147,-1,-1,-1
4395,3645,359.5,84.1,50.0,52.2,0.8500000238418579,-1,-1,-1
5655,3665,108.8,365.6,86.2,93.0,0.8799999952316284,-1,-1,-1
5670,3665,117.1,365.5,77.9,84.2,0.6600000262260437,-1,-1,-1
5685,3665,120.4,365.7,72.8,78.5,0.8899999856948853,-1,-1,-1
5700,3665,117.9,363.8,69.9,74.8,0.8999999761581421,-1,-1,-1
5715,3665,99.1,351.9,61.9,66.0,0.7099999785423279,-1,-1,-1
5730,3665,85.9,347.7,66.4,70.5,0.47999998927116394,-1,-1,-1
5745,3665,83.3,345.5,66.9,70.3,0.8500000238418579,-1,-1,-1
5760,3665,84.6,346.1,60.9,62.7,0.8399999737739563,-1,-1,-1
5760,3668,247.8,54.1,30.9,64.9,0.8500000238418579,-1,-1,-1
5775,3665,84.2,346.9,61.3,62.0,0.7900000214576721,-1,-1,-1
5775,3668,259.4,43.4,25.5,53.8,0.8100000023841858,-1,-1,-1
5790,3665,71.2,346.0,86.3,88.6,0.8600000143051147,-1,-1,-1
5790,3668,276.6,34.5,20.1,42.4,0.6100000143051147,-1,-1,-1
5805,3665,69.4,346.4,78.0,77.2,0.8299999833106995,-1,-1,-1
5820,3665,69.9,346.1,72.1,68.2,0.75,-1,-1,-1
5835,3665,74.1,345.8,77.6,73.2,0.8199999928474426,-1,-1,-1
5850,3665,79.8,346.1,71.2,65.7,0.7200000286102295,-1,-1,-1
5865,3665,81.3,347.4,68.6,62.2,0.30000001192092896,-1,-1,-1
5880,3665,82.6,348.2,67.6,60.4,0.5699999928474426,-1,-1,-1
5895,3665,73.2,347.4,86.5,78.6,0.75,-1,-1,-1
5910,3665,71.7,346.4,86.5,78.9,0.7099999785423279,-1,-1,-1
5925,3665,74.8,346.4,80.1,72.4,0.800000011920929,-1,-1,-1
5940,3665,79.8,350.1,71.4,63.3,0.6000000238418579,-1,-1,-1
5955,3665,80.0,348.8,71.9,63.0,0.8399999737739563,-1,-1,-1
5970,3665,82.7,349.7,68.8,59.2,0.7200000286102295,-1,-1,-1
5985,3665,82.6,348.5,71.2,60.5,0.7599999904632568,-1,-1,-1
6000,3665,80.7,347.9,75.6,64.7,0.800000011920929,-1,-1,-1
6015,3665,77.3,347.4,80.6,69.5,0.8299999833106995,-1,-1,-1
6030,3665,68.9,347.6,81.3,67.8,0.7799999713897705,-1,-1,-1
6045,3665,71.7,346.8,84.0,70.4,0.7200000286102295,-1,-1,-1
6060,3665,70.5,346.8,81.9,67.5,0.4399999976158142,-1,-1,-1
6075,3665,76.1,346.8,78.1,64.3,0.6000000238418579,-1,-1,-1
6090,3665,79.3,347.2,75.5,62.0,0.8100000023841858,-1,-1,-1
6105,3665,78.4,347.2,76.9,62.2,0.7599999904632568,-1,-1,-1
6120,3665,78.8,348.5,75.1,60.3,0.8299999833106995,-1,-1,-1
6135,3665,75.7,348.0,80.2,64.7,0.7799999713897705,-1,-1,-1
6150,3665,77.6,350.6,76.2,61.0,0.12999999523162842,-1,-1,-1
6165,3665,77.6,348.2,76.9,61.6,0.8299999833106995,-1,-1,-1
6180,3665,81.1,348.9,74.9,59.1,0.8199999928474426,-1,-1,-1
6195,3665,78.3,348.1,78.0,61.6,0.8399999737739563,-1,-1,-1
6210,3665,78.4,348.8,75.8,59.5,0.8199999928474426,-1,-1,-1
6225,3665,77.9,347.9,77.2,60.4,0.8500000238418579,-1,-1,-1
6240,3665,77.4,347.6,77.3,60.4,0.8700000047683716,-1,-1,-1
6255,3665,76.9,347.5,78.4,61.4,0.8600000143051147,-1,-1,-1
6270,3665,78.0,348.4,76.6,59.8,0.8500000238418579,-1,-1,-1
6285,3665,77.7,348.0,78.0,60.5,0.8299999833106995,-1,-1,-1
6300,3665,74.9,348.0,77.6,59.5,0.7699999809265137,-1,-1,-1
6315,3665,77.7,352.3,72.3,55.1,0.7599999904632568,-1,-1,-1
6330,3665,75.4,349.0,76.8,58.2,0.8600000143051147,-1,-1,-1
6345,3665,74.0,348.7,82.1,62.6,0.6800000071525574,-1,-1,-1
6360,3665,75.1,347.6,80.6,61.4,0.8100000023841858,-1,-1,-1
6375,3665,76.5,347.8,79.6,60.5,0.8100000023841858,-1,-1,-1
6390,3665,77.0,347.9,79.0,60.2,0.8299999833106995,-1,-1,-1
6405,3665,77.5,347.6,78.4,59.7,0.8299999833106995,-1,-1,-1
6420,3665,76.4,347.0,79.5,60.6,0.8299999833106995,-1,-1,-1
6435,3665,71.8,347.6,79.8,59.2,0.6800000071525574,-1,-1,-1
6450,3665,68.1,347.3,95.0,71.7,0.8600000143051147,-1,-1,-1
6465,3665,73.2,347.6,86.4,65.0,0.27000001072883606,-1,-1,-1
6480,3665,74.0,347.0,84.4,63.9,0.8700000047683716,-1,-1,-1
6495,3665,75.8,346.8,83.5,63.1,0.8700000047683716,-1,-1,-1
6510,3665,74.7,347.4,81.1,60.8,0.8199999928474426,-1,-1,-1
6525,3665,67.1,347.3,100.3,77.3,0.8399999737739563,-1,-1,-1
6540,3665,73.1,347.7,87.0,67.0,0.8399999737739563,-1,-1,-1
6555,3665,76.5,347.6,80.7,62.2,0.8500000238418579,-1,-1,-1
6570,3665,76.4,347.3,79.3,61.1,0.8500000238418579,-1,-1,-1
6585,3665,78.1,347.4,79.0,60.7,0.8199999928474426,-1,-1,-1
6600,3665,79.9,348.8,75.6,57.9,0.8199999928474426,-1,-1,-1
6615,3665,80.3,348.3,76.2,58.2,0.8399999737739563,-1,-1,-1
6630,3665,77.5,347.8,78.2,59.7,0.8700000047683716,-1,-1,-1
6645,3665,78.0,348.9,77.3,58.9,0.8399999737739563,-1,-1,-1
6660,3665,78.9,348.7,75.9,57.9,0.8100000023841858,-1,-1,-1
6675,3665,80.0,349.3,74.2,56.6,0.8399999737739563,-1,-1,-1
6690,3665,80.1,349.0,74.0,56.4,0.800000011920929,-1,-1,-1
6705,3665,79.2,349.2,74.8,57.0,0.7799999713897705,-1,-1,-1
6720,3665,77.7,348.1,77.0,58.6,0.8600000143051147,-1,-1,-1
6735,3665,69.4,347.5,94.8,74.0,0.75,-1,-1,-1
6750,3665,70.5,347.0,88.0,68.0,0.28999999165534973,-1,-1,-1
6765,3665,68.9,347.0,88.4,68.4,0.8199999928474426,-1,-1,-1
6780,3665,74.6,347.3,81.5,63.0,0.7099999785423279,-1,-1,-1
6795,3665,67.8,346.6,89.9,69.8,0.8299999833106995,-1,-1,-1
6810,3665,73.4,347.4,83.7,65.0,0.7900000214576721,-1,-1,-1
6825,3665,73.1,347.8,77.4,58.8,0.8399999737739563,-1,-1,-1
6825,3693,387.6,105.7,40.7,38.9,0.8399999737739563,-1,-1,-1
6840,3665,67.7,343.6,70.9,53.0,0.33000001311302185,-1,-1,-1
6840,3693,367.9,102.3,49.4,47.1,0.8799999952316284,-1,-1,-1
6855,3693,338.7,98.0,63.5,60.9,0.8899999856948853,-1,-1,-1
6870,3693,290.5,94.6,81.5,79.5,0.8700000047683716,-1,-1,-1
7665,3716,226.6,68.1,80.4,119.4,0.8600000143051147,-1,-1,-1
7695,3713,317.7,87.1,124.4,78.8,0.8799999952316284,-1,-1,-1
7710,3713,357.5,75.9,82.7,53.4,0.8799999952316284,-1,-1,-1
7725,3713,383.1,79.1,59.7,39.1,0.7400000095367432,-1,-1,-1
7725,3716,214.4,39.8,48.5,72.4,0.8999999761581421,-1,-1,-1
7740,3716,219.7,68.5,52.1,78.3,0.8100000023841858,-1,-1,-1
7755,3716,223.8,68.0,66.8,102.1,0.8600000143051147,-1,-1,-1
7755,3733,157.6,101.6,61.2,85.2,0.8100000023841858,-1,-1,-1
7770,3736,366.0,99.4,54.7,50.2,0.8500000238418579,-1,-1,-1
7785,3736,365.6,99.2,55.3,50.7,0.800000011920929,-1,-1,-1
7800,3736,362.7,97.6,60.2,55.3,0.7799999713897705,-1,-1,-1
7800,3741,336.9,71.8,51.0,58.6,0.8700000047683716,-1,-1,-1
7815,3736,361.2,95.8,62.8,57.9,0.8199999928474426,-1,-1,-1
7830,3736,360.3,89.2,70.6,65.5,0.6800000071525574,-1,-1,-1
7830,3733,152.5,82.9,58.1,81.1,0.8899999856948853,-1,-1,-1
7845,3736,358.0,88.7,70.8,66.4,0.8500000238418579,-1,-1,-1
7845,3716,215.9,56.7,51.3,80.6,0.8600000143051147,-1,-1,-1
7845,3741,356.6,61.6,33.3,38.3,0.7200000286102295,-1,-1,-1
7860,3736,359.7,91.6,64.9,61.4,0.7400000095367432,-1,-1,-1
7875,3736,361.6,95.0,61.6,58.5,0.7699999809265137,-1,-1,-1
7890,3736,359.0,94.2,62.5,60.2,0.23000000417232513,-1,-1,-1
7905,3736,360.3,93.4,62.7,60.8,0.8399999737739563,-1,-1,-1
7920,3736,360.0,92.5,62.5,61.4,0.8399999737739563,-1,-1,-1
7935,3736,360.4,93.7,60.6,60.4,0.8399999737739563,-1,-1,-1
7950,3736,361.1,94.0,58.9,59.1,0.8799999952316284,-1,-1,-1
7950,3733,173.9,74.3,46.1,64.6,0.8399999737739563,-1,-1,-1
7965,3736,362.5,94.3,57.2,57.5,0.7200000286102295,-1,-1,-1
7965,3716,227.8,60.6,33.8,56.2,0.7699999809265137,-1,-1,-1
7980,3736,363.9,95.8,57.1,57.3,0.8799999952316284,-1,-1,-1
7995,3736,362.1,94.5,59.1,59.9,0.9100000262260437,-1,-1,-1
7995,3757,357.7,130.1,80.1,66.0,0.8299999833106995,-1,-1,-1
7995,3733,159.8,89.4,60.2,85.4,0.8399999737739563,-1,-1,-1
8010,3736,361.7,94.4,59.1,60.2,0.9100000262260437,-1,-1,-1
8010,3757,362.3,133.6,74.0,60.7,0.7699999809265137,-1,-1,-1
8010,3733,170.3,78.9,52.8,75.4,0.7799999713897705,-1,-1,-1
8025,3736,362.0,93.6,59.1,60.6,0.8600000143051147,-1,-1,-1
8025,3757,362.9,137.0,74.6,61.1,0.6800000071525574,-1,-1,-1
8025,3733,178.1,64.7,46.3,67.0,0.8100000023841858,-1,-1,-1
8040,3736,362.9,94.4,57.5,59.2,0.8600000143051147,-1,-1,-1
8040,3757,361.6,134.0,78.0,63.8,0.7799999713897705,-1,-1,-1
8040,3733,181.8,52.7,37.9,55.6,0.8100000023841858,-1,-1,-1
8055,3736,364.0,94.3,57.1,58.8,0.8100000023841858,-1,-1,-1
8055,3757,360.7,131.7,81.5,66.6,0.550000011920929,-1,-1,-1
8055,3733,182.6,45.0,31.6,47.7,0.6899999976158142,-1,-1,-1
8070,3736,361.2,89.1,62.7,65.3,0.5699999928474426,-1,-1,-1
8070,3757,360.1,130.3,79.7,65.0,0.4099999964237213,-1,-1,-1
8070,3733,182.5,37.0,29.5,45.3,0.11999999731779099,-1,-1,-1
8085,3736,359.6,97.6,51.2,55.1,0.7099999785423279,-1,-1,-1
8085,3757,361.0,124.5,76.4,62.3,0.33000001311302185,-1,-1,-1
8085,3733,186.1,33.8,25.1,39.2,0.2199999988079071,-1,-1,-1
8100,3736,365.9,99.0,50.8,53.9,0.7900000214576721,-1,-1,-1
8100,3757,361.6,125.1,80.6,65.7,0.3499999940395355,-1,-1,-1
8100,3733,192.2,34.2,21.3,33.1,0.20999999344348907,-1,-1,-1
8115,3736,366.5,97.0,53.4,56.3,0.7799999713897705,-1,-1,-1
8115,3757,365.5,128.5,70.5,56.7,0.46000000834465027,-1,-1,-1
8130,3736,365.3,95.1,55.5,58.7,0.7599999904632568,-1,-1,-1
8130,3757,369.0,128.8,68.0,54.6,0.15000000596046448,-1,-1,-1
8145,3736,365.4,95.3,55.1,58.1,0.8799999952316284,-1,-1,-1
8145,3757,359.4,127.5,80.8,65.3,0.5899999737739563,-1,-1,-1
8160,3736,365.1,94.7,54.0,57.0,0.9100000262260437,-1,-1,-1
8160,3757,356.7,126.5,84.6,69.0,0.7400000095367432,-1,-1,-1
8175,3736,365.6,94.6,53.2,56.1,0.8700000047683716,-1,-1,-1
8175,3757,355.2,125.4,85.7,70.5,0.4699999988079071,-1,-1,-1
8190,3736,366.6,96.4,51.1,53.5,0.6899999976158142,-1,-1,-1
8190,3757,355.9,124.1,85.9,71.1,0.10999999940395355,-1,-1,-1
8205,3736,368.0,98.2,50.5,52.0,0.75,-1,-1,-1
8205,3757,358.3,124.5,79.6,65.4,0.30000001192092896,-1,-1,-1
8220,3736,365.6,97.1,53.5,55.2,0.8399999737739563,-1,-1,-1
8220,3757,366.3,121.2,74.5,62.2,0.1899999976158142,-1,-1,-1
8235,3736,363.9,96.0,56.1,58.3,0.9100000262260437,-1,-1,-1
8235,3757,358.2,120.0,83.5,71.2,0.7200000286102295,-1,-1,-1
8235,3716,200.8,50.1,37.8,65.2,0.8700000047683716,-1,-1,-1
8250,3736,362.9,94.5,57.6,60.2,0.8999999761581421,-1,-1,-1
8250,3757,359.3,118.3,77.6,66.9,0.6899999976158142,-1,-1,-1
8265,3736,363.2,94.4,56.3,59.2,0.8799999952316284,-1,-1,-1
8265,3757,358.2,118.1,78.2,68.1,0.28999999165534973,-1,-1,-1
8280,3736,364.0,94.1,56.3,59.2,0.8399999737739563,-1,-1,-1
8280,3757,358.7,146.4,55.3,48.1,0.7599999904632568,-1,-1,-1
8295,3736,362.6,89.1,60.5,64.3,0.7099999785423279,-1,-1,-1
8295,3757,358.5,157.8,46.9,40.6,0.20999999344348907,-1,-1,-1
8310,3736,363.9,89.1,60.7,64.5,0.8600000143051147,-1,-1,-1
8310,3757,359.2,161.4,43.8,37.8,0.41999998688697815,-1,-1,-1
8325,3736,364.5,93.4,56.2,59.5,0.8500000238418579,-1,-1,-1
8325,3757,359.5,162.6,42.3,36.4,0.25,-1,-1,-1
8340,3736,366.1,96.3,52.8,55.6,0.8899999856948853,-1,-1,-1
8340,3757,361.7,159.9,48.0,41.2,0.11999999731779099,-1,-1,-1
8355,3736,365.5,96.6,52.7,55.3,0.800000011920929,-1,-1,-1
8370,3736,366.7,97.3,51.8,53.9,0.8999999761581421,-1,-1,-1
8370,3757,354.5,148.6,70.7,62.1,0.6700000166893005,-1,-1,-1
8385,3736,366.2,97.0,52.8,54.8,0.9100000262260437,-1,-1,-1
8385,3757,355.2,149.0,65.8,58.0,0.17000000178813934,-1,-1,-1
8400,3736,365.6,97.3,54.2,56.4,0.9200000166893005,-1,-1,-1
8400,3757,355.7,133.5,79.1,70.3,0.7200000286102295,-1,-1,-1
8415,3736,365.4,97.4,54.4,56.4,0.8899999856948853,-1,-1,-1
8415,3757,355.4,127.5,84.4,75.8,0.8100000023841858,-1,-1,-1
8430,3736,365.2,97.1,55.0,57.0,0.9100000262260437,-1,-1,-1
8430,3757,354.5,125.2,88.1,80.1,0.7200000286102295,-1,-1,-1
8445,3736,365.9,97.6,54.7,56.5,0.8999999761581421,-1,-1,-1
8445,3757,356.9,126.0,83.4,75.8,0.7300000190734863,-1,-1,-1
8460,3736,364.9,97.6,55.0,56.7,0.8899999856948853,-1,-1,-1
8460,3757,359.2,126.3,78.6,71.4,0.46000000834465027,-1,-1,-1
8475,3736,365.5,97.3,54.0,55.8,0.9100000262260437,-1,-1,-1
8475,3757,359.5,125.2,78.0,70.8,0.5799999833106995,-1,-1,-1
8490,3736,365.0,97.1,54.6,56.4,0.8999999761581421,-1,-1,-1
8490,3757,362.3,124.9,74.4,66.9,0.6299999952316284,-1,-1,-1
8505,3736,364.9,97.1,54.5,56.3,0.9100000262260437,-1,-1,-1
8505,3757,362.9,128.0,73.1,65.5,0.6700000166893005,-1,-1,-1
8520,3736,363.9,95.1,55.7,57.9,0.8899999856948853,-1,-1,-1
8520,3757,362.8,138.7,62.8,55.4,0.6600000262260437,-1,-1,-1
8535,3736,363.3,94.6,56.5,59.1,0.8899999856948853,-1,-1,-1
8535,3757,361.0,144.5,60.5,53.2,0.6200000047683716,-1,-1,-1
8550,3736,363.3,94.1,57.0,59.9,0.8799999952316284,-1,-1,-1
8550,3757,361.6,150.8,56.6,49.2,0.6700000166893005,-1,-1,-1
8565,3736,363.2,93.5,56.8,60.1,0.8799999952316284,-1,-1,-1
8565,3757,362.7,153.4,51.5,43.9,0.3400000035762787,-1,-1,-1
8580,3736,363.5,93.5,55.8,59.2,0.8899999856948853,-1,-1,-1
8580,3757,362.0,149.3,51.8,43.7,0.6700000166893005,-1,-1,-1
8595,3736,364.2,90.0,60.1,63.8,0.8100000023841858,-1,-1,-1
8595,3757,358.0,134.8,72.4,61.6,0.75,-1,-1,-1
8610,3736,365.7,94.8,55.0,57.8,0.9100000262260437,-1,-1,-1
8610,3757,362.3,133.0,71.7,59.9,0.5199999809265137,-1,-1,-1
8625,3736,366.7,96.9,52.2,54.3,0.8899999856948853,-1,-1,-1
8625,3757,362.6,134.7,73.7,61.0,0.6899999976158142,-1,-1,-1
8670,3736,366.1,98.2,52.8,54.7,0.8999999761581421,-1,-1,-1
8685,3736,366.4,98.4,53.2,54.8,0.8899999856948853,-1,-1,-1
8700,3736,365.9,98.7,54.3,55.6,0.8999999761581421,-1,-1,-1
8700,3716,182.6,51.6,49.0,77.7,0.8399999737739563,-1,-1,-1
8715,3736,366.3,98.9,53.5,54.5,0.8600000143051147,-1,-1,-1
8730,3736,366.5,98.3,52.8,53.3,0.8899999856948853,-1,-1,-1
8745,3736,366.1,98.5,53.3,53.5,0.8999999761581421,-1,-1,-1
8760,3736,367.0,99.4,53.2,52.8,0.8899999856948853,-1,-1,-1
8760,3757,361.5,140.7,61.7,51.0,0.6700000166893005,-1,-1,-1
8775,3716,202.8,51.1,33.7,58.9,0.7099999785423279,-1,-1,-1
8790,3716,215.8,37.3,27.8,50.4,0.7300000190734863,-1,-1,-1
8835,3757,352.0,119.8,95.8,82.4,0.7599999904632568,-1,-1,-1
8835,3716,221.5,30.9,26.1,48.3,0.8199999928474426,-1,-1,-1
8850,3757,352.6,115.9,93.9,83.7,0.8299999833106995,-1,-1,-1
8865,3757,355.1,114.3,87.8,79.7,0.5,-1,-1,-1
8880,3757,355.2,113.4,87.0,80.8,0.6899999976158142,-1,-1,-1
8895,3757,356.8,114.3,85.4,80.6,0.3199999928474426,-1,-1,-1
8910,3757,354.6,114.5,89.6,86.2,0.4000000059604645,-1,-1,-1
8925,3757,353.7,114.5,90.9,89.5,0.20999999344348907,-1,-1,-1
8940,3757,353.7,112.4,91.3,91.8,0.14000000059604645,-1,-1,-1
8955,3757,352.7,112.4,91.6,94.0,0.1899999976158142,-1,-1,-1
