120,3982,212.7,20.9,29.5,64.8,0.7200000286102295,-1,-1,-1
510,3986,299.8,142.4,104.1,107.1,0.8600000143051147,-1,-1,-1
510,3982,226.4,17.5,30.5,66.2,0.6200000047683716,-1,-1,-1
525,3986,301.0,139.2,91.6,94.3,0.4399999976158142,-1,-1,-1
540,3986,290.1,115.7,86.8,89.7,0.7699999809265137,-1,-1,-1
555,3986,282.4,82.4,83.2,87.2,0.800000011920929,-1,-1,-1
570,3986,266.3,65.5,92.7,98.6,0.7699999809265137,-1,-1,-1
570,3982,235.8,16.3,30.2,62.8,0.7599999904632568,-1,-1,-1
585,3986,258.8,58.5,93.4,101.3,0.7300000190734863,-1,-1,-1
600,3986,261.0,54.3,92.8,102.4,0.1899999976158142,-1,-1,-1
615,3986,264.8,53.6,86.5,96.8,0.3100000023841858,-1,-1,-1
630,3986,271.6,55.6,76.8,87.3,0.699999988079071,-1,-1,-1
630,3996,352.2,161.6,108.0,94.4,0.6899999976158142,-1,-1,-1
645,3996,359.1,175.3,92.6,80.9,0.47999998927116394,-1,-1,-1
840,3982,268.9,19.8,29.0,54.6,0.6800000071525574,-1,-1,-1
2160,4019,106.8,67.2,67.6,69.2,0.7400000095367432,-1,-1,-1
2235,4019,122.5,67.7,58.4,60.3,0.6600000262260437,-1,-1,-1
2475,4019,141.3,68.3,84.1,88.5,0.6200000047683716,-1,-1,-1
2745,4019,190.3,75.9,77.9,95.6,0.8100000023841858,-1,-1,-1
2760,4019,163.9,108.2,90.4,116.2,0.7599999904632568,-1,-1,-1
3225,4039,47.0,173.9,51.2,101.2,0.6399999856948853,-1,-1,-1
3240,4039,48.9,176.1,48.8,96.6,0.28999999165534973,-1,-1,-1
3255,4039,47.8,176.9,49.2,97.6,0.1599999964237213,-1,-1,-1
3270,4039,45.8,176.7,50.3,100.1,0.550000011920929,-1,-1,-1
3285,4039,47.1,176.5,51.3,102.3,0.6399999856948853,-1,-1,-1
3300,4039,48.2,176.5,51.2,102.6,0.3100000023841858,-1,-1,-1
3315,4039,72.2,224.5,41.9,74.5,0.8100000023841858,-1,-1,-1
3345,4042,104.6,66.5,33.2,40.2,0.7400000095367432,-1,-1,-1
3360,4042,103.5,66.3,35.6,43.1,0.75,-1,-1,-1
3375,4042,100.9,68.1,39.3,47.9,0.3199999928474426,-1,-1,-1
3390,4042,94.6,72.3,47.5,57.5,0.20999999344348907,-1,-1,-1
3405,4042,109.6,64.0,53.3,64.0,0.7200000286102295,-1,-1,-1
3420,4042,100.5,68.2,51.6,60.8,0.7900000214576721,-1,-1,-1
3435,4042,91.7,73.8,51.5,60.4,0.3100000023841858,-1,-1,-1
3435,4047,46.9,176.8,49.0,101.4,0.7300000190734863,-1,-1,-1
3450,4047,53.4,159.3,33.9,69.4,0.6700000166893005,-1,-1,-1
3615,4042,73.7,93.3,57.7,66.3,0.6399999856948853,-1,-1,-1
3975,4042,64.4,140.0,91.5,101.1,0.7300000190734863,-1,-1,-1
3990,4042,84.0,168.5,82.5,75.4,0.7300000190734863,-1,-1,-1
4005,4042,45.3,173.5,95.9,92.3,0.7699999809265137,-1,-1,-1
4005,4049,135.2,84.6,71.2,88.6,0.8799999952316284,-1,-1,-1
4035,4042,28.3,176.3,93.2,99.6,0.6299999952316284,-1,-1,-1
4155,4042,26.9,174.9,89.8,106.2,0.7799999713897705,-1,-1,-1
4245,4049,143.5,53.6,42.0,51.4,0.8199999928474426,-1,-1,-1
4245,4042,65.2,209.9,56.9,53.4,0.6600000262260437,-1,-1,-1
4635,4042,76.5,229.9,70.9,51.1,0.8100000023841858,-1,-1,-1
4815,4042,40.9,228.2,72.6,50.5,0.6399999856948853,-1,-1,-1
4890,4042,47.3,237.5,93.6,67.6,0.6399999856948853,-1,-1,-1
4905,4059,220.8,11.8,24.9,49.0,0.6800000071525574,-1,-1,-1
4905,4042,38.0,253.6,90.4,63.5,0.6800000071525574,-1,-1,-1
4920,4042,43.5,264.4,80.7,57.0,0.4099999964237213,-1,-1,-1
4920,4061,304.2,29.3,33.2,61.3,0.6899999976158142,-1,-1,-1
4935,4061,305.6,29.0,32.1,59.3,0.6000000238418579,-1,-1,-1
4935,4059,212.6,40.0,32.6,64.4,0.7699999809265137,-1,-1,-1
4950,4061,306.9,29.9,30.6,56.3,0.7300000190734863,-1,-1,-1
4950,4059,191.3,56.2,36.5,71.0,0.8500000238418579,-1,-1,-1
4965,4061,305.3,27.7,34.5,63.6,0.5899999737739563,-1,-1,-1
4965,4059,176.9,79.3,43.5,82.3,0.8299999833106995,-1,-1,-1
4965,4062,236.3,22.5,26.8,57.1,0.699999988079071,-1,-1,-1
4980,4061,305.3,28.2,32.6,60.0,0.6499999761581421,-1,-1,-1
4980,4059,166.6,110.9,47.9,84.8,0.699999988079071,-1,-1,-1
4980,4065,185.0,32.2,37.4,66.7,0.7099999785423279,-1,-1,-1
4980,4042,42.6,272.2,80.4,59.3,0.6100000143051147,-1,-1,-1
4995,4061,305.4,26.6,33.8,62.3,0.6000000238418579,-1,-1,-1
4995,4042,43.1,271.9,80.6,62.2,0.18000000715255737,-1,-1,-1
5010,4061,301.7,20.8,38.6,71.0,0.15000000596046448,-1,-1,-1
5010,4042,46.8,273.3,73.9,58.3,0.33000001311302185,-1,-1,-1
5025,4061,304.2,25.5,33.5,61.5,0.4399999976158142,-1,-1,-1
5025,4042,48.3,273.7,69.6,55.8,0.11999999731779099,-1,-1,-1
5040,4061,303.5,26.3,33.6,61.9,0.5400000214576721,-1,-1,-1
5040,4042,36.1,268.3,85.0,69.7,0.11999999731779099,-1,-1,-1
5055,4061,302.8,26.5,33.2,61.7,0.6100000143051147,-1,-1,-1
5055,4042,38.7,271.8,81.1,67.3,0.11999999731779099,-1,-1,-1
5070,4061,295.3,25.1,35.1,65.4,0.8199999928474426,-1,-1,-1
5070,4062,219.1,35.1,53.5,112.7,0.7400000095367432,-1,-1,-1
5100,4065,203.8,41.0,39.1,69.3,0.6000000238418579,-1,-1,-1
5100,4061,279.8,30.3,56.0,104.7,0.8399999737739563,-1,-1,-1
5115,4061,277.4,32.5,59.1,110.9,0.8399999737739563,-1,-1,-1
5130,4061,274.1,31.6,62.2,117.8,0.8199999928474426,-1,-1,-1
5130,4062,230.1,44.1,48.4,102.8,0.8399999737739563,-1,-1,-1
5130,4065,187.1,38.9,42.3,74.2,0.6399999856948853,-1,-1,-1
5145,4061,274.8,31.3,60.4,114.2,0.8899999856948853,-1,-1,-1
5145,4062,236.9,45.3,44.4,92.8,0.6299999952316284,-1,-1,-1
5145,4065,165.5,65.6,55.9,96.2,0.8600000143051147,-1,-1,-1
5160,4061,276.2,30.6,60.4,113.6,0.8899999856948853,-1,-1,-1
5160,4062,239.1,46.4,44.9,92.6,0.8100000023841858,-1,-1,-1
5160,4073,106.1,101.3,50.3,72.4,0.75,-1,-1,-1
5175,4061,277.0,31.8,60.7,113.8,0.8700000047683716,-1,-1,-1
5175,4062,237.1,45.8,47.7,98.3,0.8600000143051147,-1,-1,-1
5175,4073,108.9,108.6,45.1,64.1,0.7699999809265137,-1,-1,-1
5190,4061,277.2,31.1,61.0,113.4,0.8700000047683716,-1,-1,-1
5190,4062,237.2,44.9,46.8,95.5,0.8399999737739563,-1,-1,-1
5190,4065,132.1,40.5,67.6,117.1,0.7099999785423279,-1,-1,-1
5205,4061,278.6,31.2,60.5,112.2,0.8700000047683716,-1,-1,-1
5205,4062,237.3,44.3,46.9,95.2,0.8299999833106995,-1,-1,-1
5205,4073,109.2,87.3,38.9,54.1,0.699999988079071,-1,-1,-1
5220,4061,280.0,33.0,59.0,108.6,0.8899999856948853,-1,-1,-1
5220,4062,241.4,44.6,44.0,90.5,0.7799999713897705,-1,-1,-1
5220,4065,145.4,56.0,51.0,82.7,0.6499999761581421,-1,-1,-1
5235,4061,278.6,32.6,60.4,110.7,0.8799999952316284,-1,-1,-1
5235,4062,239.7,44.5,46.8,95.6,0.8100000023841858,-1,-1,-1
5235,4065,140.1,97.3,69.9,110.0,0.9100000262260437,-1,-1,-1
5250,4061,284.5,38.5,61.4,109.3,0.800000011920929,-1,-1,-1
5250,4062,239.9,44.5,46.1,93.5,0.7799999713897705,-1,-1,-1
5265,4061,291.0,46.5,58.2,98.7,0.6000000238418579,-1,-1,-1
5265,4062,244.1,44.6,43.1,89.3,0.5600000023841858,-1,-1,-1
5280,4061,286.8,39.3,58.6,98.1,0.8100000023841858,-1,-1,-1
5280,4062,240.9,44.5,43.8,89.3,0.8199999928474426,-1,-1,-1
5295,4061,281.9,37.0,61.3,101.4,0.8199999928474426,-1,-1,-1
5295,4062,241.3,44.8,44.1,88.0,0.7300000190734863,-1,-1,-1
5310,4061,279.2,37.2,63.8,104.3,0.7900000214576721,-1,-1,-1
5310,4062,239.3,44.2,47.6,93.8,0.5099999904632568,-1,-1,-1
5310,4081,65.7,142.1,65.6,73.8,0.7799999713897705,-1,-1,-1
5325,4061,278.5,35.7,65.4,106.1,0.8399999737739563,-1,-1,-1
5325,4062,239.6,45.2,45.7,88.8,0.6200000047683716,-1,-1,-1
5340,4061,278.1,35.6,68.3,111.3,0.800000011920929,-1,-1,-1
5340,4062,238.6,44.6,48.4,94.4,0.7699999809265137,-1,-1,-1
5340,4065,121.8,116.0,65.8,96.5,0.9100000262260437,-1,-1,-1
5355,4061,282.3,36.9,63.6,102.9,0.7900000214576721,-1,-1,-1
5355,4062,237.2,44.6,49.0,95.1,0.7699999809265137,-1,-1,-1
5370,4061,275.6,35.1,65.6,107.4,0.8700000047683716,-1,-1,-1
5370,4062,237.5,43.9,47.6,92.5,0.7699999809265137,-1,-1,-1
5385,4061,269.8,34.7,66.7,110.0,0.8500000238418579,-1,-1,-1
5385,4062,239.5,45.0,47.6,92.5,0.6299999952316284,-1,-1,-1
5400,4061,268.9,35.4,65.3,108.2,0.8299999833106995,-1,-1,-1
5400,4062,243.2,43.8,46.7,93.0,0.6800000071525574,-1,-1,-1
5415,4061,268.0,34.8,65.5,109.5,0.8399999737739563,-1,-1,-1
5415,4062,240.9,43.3,49.2,98.3,0.6800000071525574,-1,-1,-1
5430,4061,268.7,33.9,65.5,110.5,0.8399999737739563,-1,-1,-1
5430,4062,243.3,42.1,47.0,94.8,0.2800000011920929,-1,-1,-1
5430,4081,30.3,151.4,101.7,116.2,0.7599999904632568,-1,-1,-1
5445,4061,267.6,33.6,67.5,115.1,0.800000011920929,-1,-1,-1
5445,4062,243.9,43.5,49.3,101.5,0.3400000035762787,-1,-1,-1
5445,4081,40.6,158.7,88.4,99.5,0.8399999737739563,-1,-1,-1
5445,4065,118.0,138.1,81.4,113.6,0.7699999809265137,-1,-1,-1
5460,4061,268.7,33.4,65.1,111.4,0.8799999952316284,-1,-1,-1
5460,4062,246.2,28.3,44.4,89.4,0.699999988079071,-1,-1,-1
5475,4061,267.5,33.8,64.4,110.2,0.8500000238418579,-1,-1,-1
5475,4081,38.5,169.8,71.9,83.5,0.6800000071525574,-1,-1,-1
5475,4065,107.8,133.5,70.4,94.1,0.8600000143051147,-1,-1,-1
5490,4061,279.1,35.5,60.5,102.4,0.8399999737739563,-1,-1,-1
5490,4087,118.5,56.8,59.3,64.7,0.7300000190734863,-1,-1,-1
5490,4089,129.7,104.8,84.7,92.1,0.7300000190734863,-1,-1,-1
5490,4081,50.8,168.8,76.6,86.7,0.75,-1,-1,-1
5490,4065,106.1,130.3,68.7,85.6,0.8199999928474426,-1,-1,-1
5490,4062,239.6,42.5,44.4,88.2,0.8100000023841858,-1,-1,-1
5505,4061,284.9,37.1,61.6,102.8,0.8700000047683716,-1,-1,-1
5505,4087,120.1,66.2,64.8,71.0,0.17000000178813934,-1,-1,-1
5505,4089,131.1,104.9,69.8,75.5,0.10999999940395355,-1,-1,-1
5505,4081,43.7,174.5,74.1,85.2,0.6000000238418579,-1,-1,-1
5505,4065,102.7,132.4,66.7,81.4,0.44999998807907104,-1,-1,-1
5505,4062,245.1,44.7,37.9,74.2,0.20999999344348907,-1,-1,-1
5520,4061,288.0,37.4,57.3,94.1,0.8299999833106995,-1,-1,-1
5520,4089,134.8,112.7,54.7,58.3,0.2800000011920929,-1,-1,-1
5520,4081,41.3,175.4,65.7,77.6,0.47999998927116394,-1,-1,-1
5520,4065,105.8,131.8,52.5,60.4,0.20000000298023224,-1,-1,-1
5520,4062,243.4,47.5,35.9,67.0,0.5899999737739563,-1,-1,-1
5535,4061,280.8,31.4,63.5,105.5,0.8299999833106995,-1,-1,-1
5535,4081,40.8,170.8,68.4,80.2,0.550000011920929,-1,-1,-1
5535,4087,130.4,56.5,55.0,60.8,0.6499999761581421,-1,-1,-1
5550,4061,284.9,34.8,63.4,104.2,0.8999999761581421,-1,-1,-1
5550,4081,37.2,173.4,67.7,79.8,0.4399999976158142,-1,-1,-1
5550,4087,145.2,50.6,62.7,70.0,0.8199999928474426,-1,-1,-1
5550,4062,234.4,48.0,49.3,92.9,0.6299999952316284,-1,-1,-1
5565,4061,286.1,37.9,64.7,104.9,0.8700000047683716,-1,-1,-1
5565,4081,68.6,172.3,62.2,70.3,0.7699999809265137,-1,-1,-1
5565,4062,232.6,47.6,52.4,100.4,0.6399999856948853,-1,-1,-1
5565,4089,107.2,99.7,108.4,117.1,0.8199999928474426,-1,-1,-1
5580,4061,287.0,39.1,65.5,105.4,0.8199999928474426,-1,-1,-1
5580,4062,232.3,46.1,52.6,101.6,0.5400000214576721,-1,-1,-1
5595,4061,286.0,39.3,67.8,108.4,0.75,-1,-1,-1
5595,4062,232.2,46.8,56.1,109.1,0.6200000047683716,-1,-1,-1
5610,4061,283.2,37.1,67.2,108.2,0.7900000214576721,-1,-1,-1
5610,4062,237.5,45.0,49.1,99.2,0.7599999904632568,-1,-1,-1
5625,4061,278.5,34.8,72.5,118.2,0.7099999785423279,-1,-1,-1
5625,4062,234.5,42.6,48.9,99.7,0.7699999809265137,-1,-1,-1
5640,4061,279.2,36.9,73.5,120.0,0.7400000095367432,-1,-1,-1
5640,4062,234.4,41.0,49.0,100.3,0.7400000095367432,-1,-1,-1
5655,4061,283.1,36.6,72.0,118.5,0.5899999737739563,-1,-1,-1
5655,4062,240.4,44.8,47.1,95.7,0.20999999344348907,-1,-1,-1
5670,4061,286.2,35.8,68.4,113.1,0.6700000166893005,-1,-1,-1
5670,4062,245.0,47.9,50.7,101.6,0.41999998688697815,-1,-1,-1
5685,4061,288.2,36.8,66.0,109.5,0.8399999737739563,-1,-1,-1
5685,4062,253.0,43.5,46.3,92.6,0.4300000071525574,-1,-1,-1
5685,4087,224.9,20.6,49.2,57.3,0.7799999713897705,-1,-1,-1
5700,4061,288.5,37.1,66.8,111.6,0.7900000214576721,-1,-1,-1
5700,4062,250.8,45.2,49.0,96.7,0.6000000238418579,-1,-1,-1
5715,4061,290.0,37.2,65.0,108.4,0.75,-1,-1,-1
5715,4062,249.3,47.5,53.1,103.6,0.800000011920929,-1,-1,-1
5715,4081,91.3,176.6,51.8,57.3,0.6399999856948853,-1,-1,-1
5730,4061,290.2,35.4,61.4,102.8,0.7900000214576721,-1,-1,-1
5730,4062,244.1,47.0,53.5,102.6,0.7099999785423279,-1,-1,-1
5745,4061,289.5,29.9,58.0,95.7,0.6399999856948853,-1,-1,-1
5745,4062,240.5,42.0,51.4,99.1,0.550000011920929,-1,-1,-1
5760,4061,287.1,22.9,61.5,102.7,0.8600000143051147,-1,-1,-1
5760,4062,242.1,33.9,45.2,87.6,0.8500000238418579,-1,-1,-1
5775,4061,299.5,24.9,60.7,101.4,0.4099999964237213,-1,-1,-1
5790,4061,328.6,31.3,42.6,69.4,0.7200000286102295,-1,-1,-1
5805,4061,340.7,30.4,33.5,53.6,0.5699999928474426,-1,-1,-1
5970,4089,53.7,238.0,64.3,58.8,0.6100000143051147,-1,-1,-1
6120,4062,263.9,9.7,21.5,39.9,0.6800000071525574,-1,-1,-1
6165,4062,256.2,9.4,30.6,57.7,0.699999988079071,-1,-1,-1
6300,4062,245.7,35.0,43.4,80.3,0.8399999737739563,-1,-1,-1
6315,4062,262.5,44.8,52.4,95.9,0.8199999928474426,-1,-1,-1
6450,4121,119.6,46.0,65.0,58.8,0.7699999809265137,-1,-1,-1
6480,4121,127.0,66.4,66.9,61.2,0.6200000047683716,-1,-1,-1
6750,4121,107.9,152.3,104.1,96.8,0.8299999833106995,-1,-1,-1
6840,4121,104.4,213.9,80.2,67.5,0.6399999856948853,-1,-1,-1
7050,4138,148.1,68.9,80.5,106.9,0.800000011920929,-1,-1,-1
7065,4138,130.6,99.7,89.1,118.4,0.9300000071525574,-1,-1,-1
7560,4148,299.2,17.7,31.8,59.2,0.7799999713897705,-1,-1,-1
7575,4148,282.7,13.2,39.1,72.6,0.6399999856948853,-1,-1,-1
7575,4152,117.3,52.8,57.9,56.0,0.6000000238418579,-1,-1,-1
7590,4148,293.3,11.8,28.3,52.4,0.7599999904632568,-1,-1,-1
7590,4152,94.1,52.7,95.8,93.3,0.6399999856948853,-1,-1,-1
7590,4153,223.1,31.4,48.6,89.6,0.8700000047683716,-1,-1,-1
7605,4153,206.6,45.8,69.5,128.1,0.8299999833106995,-1,-1,-1
7770,4148,273.8,-4.8,23.3,44.5,0.6200000047683716,-1,-1,-1
7785,4148,268.4,4.3,18.6,36.4,0.7400000095367432,-1,-1,-1
7785,4152,98.0,164.9,93.3,88.1,0.8700000047683716,-1,-1,-1
7800,4152,54.2,175.1,93.4,89.4,0.8500000238418579,-1,-1,-1
7815,4161,150.5,86.8,59.3,90.0,0.8199999928474426,-1,-1,-1
7830,4161,150.5,90.0,56.7,85.3,0.8299999833106995,-1,-1,-1
7845,4161,152.4,91.0,53.9,79.9,0.8199999928474426,-1,-1,-1
7860,4161,150.6,89.2,62.0,91.4,0.8299999833106995,-1,-1,-1
7875,4161,144.6,103.2,59.8,86.0,0.8500000238418579,-1,-1,-1
7875,4152,33.8,176.6,76.8,77.6,0.6499999761581421,-1,-1,-1
7890,4161,125.3,140.9,68.4,96.4,0.8600000143051147,-1,-1,-1
7890,4152,33.1,174.5,72.9,78.0,0.6299999952316284,-1,-1,-1
7905,4161,121.8,189.1,61.4,83.2,0.6299999952316284,-1,-1,-1
7905,4152,35.2,176.3,67.0,75.1,0.5299999713897705,-1,-1,-1
7920,4152,36.5,174.7,66.1,76.5,0.5699999928474426,-1,-1,-1
7935,4152,37.4,174.7,63.3,75.6,0.6299999952316284,-1,-1,-1
7950,4152,39.5,174.6,61.3,75.6,0.7200000286102295,-1,-1,-1
7965,4152,30.5,174.7,68.6,85.6,0.8600000143051147,-1,-1,-1
7965,4161,75.5,267.8,71.9,88.0,0.699999988079071,-1,-1,-1
7980,4152,37.0,180.1,59.2,75.1,0.30000001192092896,-1,-1,-1
7980,4166,72.4,136.8,71.4,73.4,0.8700000047683716,-1,-1,-1
7980,4161,89.2,291.7,61.3,73.2,0.7699999809265137,-1,-1,-1
7995,4152,39.5,174.5,62.1,80.2,0.2800000011920929,-1,-1,-1
7995,4166,83.1,135.3,89.5,91.5,0.7099999785423279,-1,-1,-1
8010,4152,47.2,177.3,52.1,67.7,0.28999999165534973,-1,-1,-1
8010,4166,78.7,135.4,76.4,77.7,0.8100000023841858,-1,-1,-1
8025,4152,43.1,175.2,59.7,79.7,0.3100000023841858,-1,-1,-1
8025,4166,72.5,136.5,70.7,71.8,0.2800000011920929,-1,-1,-1
8040,4152,39.8,173.0,62.4,85.4,0.18000000715255737,-1,-1,-1
8040,4166,67.2,100.1,87.4,89.4,0.6200000047683716,-1,-1,-1
8055,4152,43.9,171.4,61.8,81.9,0.3700000047683716,-1,-1,-1
8055,4166,75.2,87.3,77.9,78.7,0.7599999904632568,-1,-1,-1
8070,4152,41.3,172.8,62.3,84.9,0.4000000059604645,-1,-1,-1
8085,4152,51.4,172.5,58.6,77.6,0.5,-1,-1,-1
8100,4152,46.5,173.4,59.2,79.9,0.14000000059604645,-1,-1,-1
8115,4152,42.4,172.8,59.9,83.2,0.33000001311302185,-1,-1,-1
8130,4152,37.8,167.4,62.8,88.8,0.3199999928474426,-1,-1,-1
8145,4152,38.7,169.3,58.7,83.7,0.25999999046325684,-1,-1,-1
8160,4152,44.0,171.4,56.3,81.2,0.20000000298023224,-1,-1,-1
8250,4173,298.7,127.2,81.2,98.1,0.7200000286102295,-1,-1,-1
8280,4152,38.5,172.6,56.2,81.0,0.7099999785423279,-1,-1,-1
8295,4152,44.7,178.3,49.8,72.3,0.5600000023841858,-1,-1,-1
8310,4152,47.7,173.5,51.2,74.4,0.1899999976158142,-1,-1,-1
8325,4152,44.2,173.8,54.3,79.1,0.5699999928474426,-1,-1,-1
8550,4152,33.6,171.2,85.8,121.7,0.800000011920929,-1,-1,-1
8610,4152,39.7,175.0,68.3,101.3,0.6299999952316284,-1,-1,-1
8625,4186,159.9,94.2,71.4,112.7,0.8100000023841858,-1,-1,-1
8640,4186,152.1,84.0,63.3,99.4,0.8299999833106995,-1,-1,-1
8655,4186,155.4,76.3,53.7,83.6,0.75,-1,-1,-1
8670,4186,155.9,72.6,54.7,84.6,0.6600000262260437,-1,-1,-1
8685,4186,151.1,75.3,53.1,81.3,0.8899999856948853,-1,-1,-1
8700,4186,148.2,64.7,54.4,83.4,0.8199999928474426,-1,-1,-1
8715,4186,137.6,59.1,55.5,82.6,0.7799999713897705,-1,-1,-1
8730,4173,316.4,114.5,94.6,116.2,0.7300000190734863,-1,-1,-1
8775,4186,127.4,63.6,41.4,59.9,0.6899999976158142,-1,-1,-1
8790,4186,117.3,69.8,40.0,56.7,0.6800000071525574,-1,-1,-1
8805,4186,115.2,68.3,41.2,58.8,0.6299999952316284,-1,-1,-1
8820,4186,115.6,69.1,37.8,53.5,0.7799999713897705,-1,-1,-1
8835,4186,114.3,67.2,39.6,55.5,0.7400000095367432,-1,-1,-1
8850,4186,113.8,65.9,41.5,57.3,0.7599999904632568,-1,-1,-1
8865,4186,111.7,63.5,44.9,61.7,0.6299999952316284,-1,-1,-1
8910,4152,62.4,155.7,54.5,66.0,0.6399999856948853,-1,-1,-1
8910,4186,103.6,63.6,46.2,62.2,0.7900000214576721,-1,-1,-1
8925,4186,102.1,68.0,45.3,59.1,0.47999998927116394,-1,-1,-1
8970,4186,103.2,59.2,56.8,74.5,0.6800000071525574,-1,-1,-1
8985,4186,108.8,64.7,51.7,66.3,0.5299999713897705,-1,-1,-1
